load
14,500	17,544
14,500	18,550
14,500	19,559
14,500	20,587
14,500	21,584
14,500	22,590
14,500	23,596
14,500	24,581
14,000	25,584
14,000	26,590
14,000	27,601
14,000	28,618
14,000	29,638
14,000	30,658
14,000	31,692
14,000	32,698
14,000	33,695
14,000	34,706
13,500	35,723
14,000	36,735
14,000	37,740
14,000	38,769
13,500	39,786
13,500	40,791
13,500	41,797
13,500	42,817
13,500	43,834
13,500	44,843
13,500	45,874
13,500	46,897
13,500	47,906
13,500	48,926
13,500	49,934
13,500	50,951
13,500	51,968
13,500	52,974
13,500	53,994
13,000	55,011
13,000	56,028
13,000	57,045
13,000	58,050
13,000	59,059
13,000	60,070
13,000	61,090
13,000	62,096
13,000	63,102
13,000	64,119
13,000	65,116
13,000	66,130
13,000	67,139
13,000	68,156
13,000	69,161
13,000	70,167
13,000	71,179
13,000	72,196
13,000	73,213
13,000	74,221
13,000	75,241
13,000	76,258
13,000	77,272
13,000	78,290
13,000	79,295
13,000	80,312
13,000	81,321
13,000	82,340
13,000	83,349
13,000	84,352
13,000	85,369
12,000	120,656
12,000	121,664
12,500	122,676
12,500	123,681
12,500	124,681
12,500	125,690
12,000	126,695
12,500	127,695
12,500	128,704
12,000	129,721
12,000	130,727
12,000	131,741
12,000	132,738
12,000	133,738
12,000	134,746
12,000	135,752
12,000	136,760
12,000	137,772
12,000	138,778
12,000	139,786
12,000	140,786
12,000	141,783
12,000	142,803
12,000	143,823
12,000	144,846
12,000	145,854
12,000	146,863
12,000	147,877
12,000	148,885
12,000	149,908
12,000	150,911
12,000	151,920
12,000	152,931
12,000	153,940
12,000	154,951
12,000	155,985
12,000	156,996
12,000	158,005
12,000	159,005
12,000	160,013
12,000	161,010
12,000	162,019
12,000	163,016
12,000	164,048
12,000	165,047
12,000	166,056
12,000	167,064
12,000	168,079
12,000	169,084
12,000	170,093
12,000	171,113
12,000	172,113
12,000	173,121
12,000	174,124
12,000	175,132
12,000	176,132
12,000	177,127
12,000	178,135
12,000	179,132
12,000	180,178
12,000	181,212
12,000	182,223
12,000	183,235
12,000	184,232
12,000	185,252
12,000	186,238
12,000	187,246
11,500	188,258
11,500	223,641
11,500	224,638
11,500	225,635
11,500	226,632
11,500	227,632
11,500	228,632
11,500	229,652
11,500	230,650
11,500	231,650
11,500	232,649
11,500	233,658
11,500	234,658
11,500	235,666
11,500	236,675
11,500	237,675
11,500	238,675
11,500	239,678
11,500	240,689
11,500	241,689
11,500	242,689
11,500	243,686
11,500	244,686
11,500	245,697
11,500	246,694
11,500	247,683
11,500	248,680
11,500	249,680
11,500	250,677
11,500	251,685
11,500	252,682
11,500	253,682
11,500	254,680
11,500	255,688
11,000	256,685
11,500	257,693
11,500	258,702
11,500	259,719
11,500	260,730
11,500	261,745
11,500	262,753
11,500	263,765
11,500	264,790
11,000	265,799
11,500	266,819
11,500	267,827
11,500	268,847
11,500	269,861
11,500	270,873
11,500	271,870
11,500	272,867
11,500	273,867
11,500	274,890
11,500	275,898
11,000	276,901
11,500	277,910
11,000	278,921
11,500	279,930
11,500	280,930
11,000	281,960
11,000	282,963
11,500	283,983
11,500	284,998
11,500	286,018
11,500	287,029
11,500	288,052
11,000	289,058
11,000	290,066
11,500	291,077
11,500	292,074
11,500	293,077
11,000	294,077
11,000	295,083
11,500	296,094
11,500	297,106
11,000	298,106
11,000	299,117
11,000	300,128
11,000	301,140
11,000	302,137
11,000	303,148
11,000	304,157
11,000	305,165
11,000	306,171
11,000	307,185
11,500	308,182
11,500	309,185
11,000	361,365
11,000	362,368
11,000	363,376
11,000	364,376
11,000	365,373
11,000	366,381
11,000	367,381
11,000	368,393
11,000	369,393
11,000	370,404
10,500	371,393
11,000	372,401
11,000	373,407
10,500	374,407
10,500	375,427
10,500	376,415
11,000	377,427
10,500	378,424
11,000	379,430
10,500	380,435
11,000	381,444
10,500	382,443
10,500	383,463
10,500	384,463
10,500	385,466
10,500	386,475
11,000	387,486
10,500	388,495
10,500	389,506
10,500	390,503
10,500	391,517
10,500	392,517
10,500	393,526
10,500	394,534
10,500	395,537
10,500	396,534
10,500	397,549
11,000	398,549
11,000	399,545
10,500	400,551
10,500	401,562
10,500	402,565
10,500	403,574
10,500	404,574
10,500	405,574
11,000	406,585
11,000	407,582
10,500	408,591
11,000	409,596
11,000	410,608
10,500	411,605
10,500	412,605
10,500	413,613
11,000	414,613
10,500	415,613
10,500	416,610
10,500	417,607
10,500	418,619
11,000	419,619
11,000	420,619
11,000	421,619
10,500	422,619
10,500	423,627
10,500	424,615
10,500	425,615
10,500	426,615
10,500	427,612
10,500	428,612
10,500	429,644
10,500	430,652
10,500	431,655
10,500	432,655
10,500	433,663
10,500	434,658
10,500	435,655
10,500	436,663
10,500	437,660
10,500	438,660
10,500	439,669
10,500	440,666
10,500	441,666
10,500	442,663
10,500	443,663
10,500	444,663
10,500	445,663
10,500	446,671
10,500	447,669
10,500	448,671
10,500	449,665
10,500	450,665
10,500	451,665
10,500	452,662
10,500	453,674
10,500	454,674
10,500	455,674
10,500	456,662
10,500	457,670
10,500	458,679
10,500	459,676
10,500	460,673
10,500	461,679
10,500	462,676
10,500	463,685
10,500	464,679
10,500	465,679
10,500	466,679
10,500	467,667
10,500	468,676
10,500	469,676
10,500	470,687
10,500	471,673
10,500	472,684
10,500	473,681
10,500	474,681
10,500	475,681
10,500	476,687
10,500	477,687
10,500	478,695
10,500	479,695
10,500	480,695
10,500	481,701
10,500	533,563
10,500	534,560
10,500	535,569
10,500	536,569
10,500	537,569
10,500	538,578
10,500	539,583
10,500	540,589
10,500	541,597
10,500	542,594
10,000	543,603
10,000	544,600
10,500	545,609
10,500	546,611
10,500	547,609
10,500	548,605
10,500	549,617
10,000	550,622
10,500	551,634
10,500	552,642
10,500	553,651
10,500	554,651
10,500	555,648
10,500	556,651
10,500	557,659
10,500	558,668
10,000	559,665
10,500	560,673
10,000	561,673
10,000	562,682
10,000	563,679
10,500	564,690
10,000	565,687
10,000	566,687
10,000	567,687
10,500	568,696
10,000	569,696
10,500	570,693
10,000	571,693
10,000	572,701
10,000	573,710
10,500	574,718
10,000	575,715
10,500	576,724
10,500	577,724
10,000	578,732
10,500	579,730
10,000	580,738
10,000	581,735
10,000	582,732
10,500	583,729
10,500	584,738
10,000	585,738
10,000	586,746
10,500	587,749
10,000	588,746
10,000	589,743
10,500	590,749
10,500	591,749
10,500	592,757
10,500	593,757
10,500	594,754
10,000	595,763
10,000	596,760
10,000	597,766
10,000	598,763
10,000	599,774
10,000	600,785
10,500	601,797
10,000	602,808
10,000	603,805
10,500	604,817
10,500	605,822
10,000	606,833
10,500	607,830
10,000	608,842
10,000	609,853
10,000	610,850
10,000	611,859
10,000	612,859
10,000	613,856
10,000	614,865
10,000	615,861
10,000	616,870
10,000	617,873
10,500	618,870
10,000	619,879
10,000	620,876
10,000	621,870
10,000	622,879
10,000	623,881
10,000	624,887
10,000	625,887
10,000	626,895
10,000	627,892
10,000	628,901
10,000	629,901
10,000	630,901
10,000	631,912
10,000	632,923
10,000	633,932
10,000	634,932
10,000	635,940
10,000	636,949
10,000	637,949
10,000	638,960
10,000	639,960
10,000	640,977
10,000	641,983
10,000	642,971
10,000	643,971
10,000	644,980
10,000	645,986
10,000	646,994
10,000	648,014
10,000	649,011
10,000	650,011
10,000	651,008
10,000	652,017
10,000	653,028
10,000	654,037
10,000	655,034
10,000	656,042
10,000	657,039
10,000	658,028
10,000	659,036
10,000	660,039
10,000	661,039
10,000	662,036
10,000	663,042
10,000	664,053
10,000	665,050
10,000	666,053
10,000	667,050
10,000	668,059
10,000	669,053
10,000	670,050
10,000	671,061
10,000	672,070
10,000	673,073
10,000	674,070
10,000	675,067
10,000	676,064
10,000	677,078
10,000	678,075
10,000	679,078
10,000	680,087
10,000	681,084
10,000	682,080
10,000	683,092
10,000	684,089
10,000	685,095
10,000	686,103
10,000	687,100
10,000	688,103
10,000	689,112
10,000	690,120
10,000	691,117
10,000	692,114
10,000	693,111
10,000	694,120
10,000	695,117
10,000	696,120
10,000	697,117
10,000	698,126
10,000	699,125
10,000	700,111
10,000	701,108
10,000	702,117
10,000	703,114
10,000	704,111
10,000	705,122
10,000	706,120
9,500	707,128
10,000	708,116
9,500	709,125
10,000	710,122
9,500	711,122
10,000	712,128
10,000	713,125
9,500	714,125
10,000	715,121
9,500	716,130
9,500	717,116
10,000	718,127
10,000	719,124
10,000	720,130
10,000	721,133
10,000	722,130
10,000	723,127
10,000	724,138
10,000	725,138
10,000	726,138
10,000	727,138
10,000	728,150
10,000	729,144
10,000	730,147
10,000	731,155
10,000	732,152
10,000	733,160
10,000	734,172
10,000	735,169
10,000	736,178
10,000	737,178
10,000	738,175
10,000	739,183
10,000	740,194
10,000	741,191
10,000	742,200
9,500	743,203
10,000	744,197
10,000	745,197
10,000	746,197
10,000	747,194
10,000	748,203
10,000	749,200
10,000	750,211
10,000	751,208
9,500	752,205
9,500	753,222
9,500	754,228
10,000	755,237
9,500	756,222
9,500	757,233
9,500	758,242
10,000	759,250
9,500	760,262
10,000	761,250
9,500	762,259
9,500	763,259
9,500	764,256
9,500	765,253
9,500	766,264
9,500	767,264
9,500	768,276
9,500	769,273
10,000	770,273
9,500	771,270
9,500	772,279
10,000	773,287
9,500	774,290
9,500	775,287
9,500	776,295
9,500	777,307
9,500	778,307
9,500	779,324
9,500	780,324
9,500	781,324
9,500	782,343
9,500	783,332
9,500	784,340
9,500	785,340
9,500	786,349
9,500	787,352
9,500	788,349
9,500	789,358
9,500	790,355
10,000	791,357
10,000	792,363
9,500	793,374
9,500	794,371
9,500	795,380
9,500	796,386
9,500	797,397
10,000	798,394
10,000	799,394
9,500	800,391
9,500	801,391
9,500	802,402
9,500	803,400
9,500	804,397
10,000	805,394
9,500	806,405
9,500	807,413
9,500	808,413
9,500	809,422
9,500	810,430
9,500	811,428
9,500	812,436
9,500	813,436
9,500	814,453
9,500	815,453
9,500	816,450
9,500	817,459
10,000	818,456
9,500	819,464
9,500	820,484
9,500	821,481
9,500	822,479
9,500	823,487
9,500	824,484
9,500	825,492
9,500	826,501
9,500	827,510
9,500	828,507
9,500	829,518
10,000	830,527
10,000	831,524
9,500	832,532
9,500	833,540
10,000	834,538
9,500	835,535
10,000	836,523
9,500	837,532
9,500	838,532
9,500	839,529
10,000	840,529
10,000	841,537
10,000	842,537
10,000	843,543
9,500	844,551
9,500	845,549
9,500	846,557
10,000	847,554
9,500	848,554
9,500	849,551
9,500	850,557
10,000	851,557
10,000	852,565
9,500	853,574
9,500	854,582
9,500	855,585
10,000	856,582
9,500	857,593
10,000	858,602
9,500	859,605
9,500	860,610
10,000	861,619
9,500	862,628
9,500	863,628
9,500	864,628
9,500	865,636
9,500	866,647
9,500	867,644
9,500	868,641
10,000	869,641
9,500	870,650
9,500	871,650
9,500	872,659
9,500	873,670
9,500	874,670
9,500	875,667
9,500	876,675
9,500	877,672
9,500	878,672
9,500	879,670
9,500	880,678
9,500	881,678
9,500	882,672
9,500	883,680
9,500	884,689
9,500	885,689
10,000	886,689
9,500	887,698
9,500	888,698
9,500	889,698
10,000	890,709
9,500	891,706
9,500	892,717
9,500	893,720
9,500	894,729
9,500	895,737
10,000	896,734
9,500	897,734
9,500	898,742
9,500	899,740
9,500	900,740
9,500	901,757
9,500	902,754
9,500	903,754
9,500	904,762
9,500	905,765
9,500	906,782
9,500	907,776
9,500	908,785
9,500	909,785
9,500	910,790
9,500	911,802
9,500	912,802
9,500	913,799
9,500	914,816
9,500	915,816
9,500	916,821
9,500	917,833
9,500	918,833
9,500	919,827
9,500	920,836
9,500	921,847
9,500	922,856
9,500	923,852
9,500	924,861
9,500	925,870
9,500	926,870
9,500	927,867
9,500	928,878
9,500	929,870
9,500	930,867
9,500	931,872
9,500	932,880
9,500	933,889
9,500	934,886
9,500	935,886
9,500	936,883
9,500	937,886
9,500	938,883
9,500	939,892
9,500	940,889
9,500	941,889
9,500	942,897
9,500	943,897
9,500	944,894
9,500	945,906
9,500	946,903
9,500	947,914
9,500	948,922
9,500	949,931
9,500	950,940
9,500	951,937
9,500	952,934
9,500	953,931
9,500	954,948
9,500	955,942
9,500	956,931
9,500	957,936
9,500	958,930
9,500	959,936
9,500	960,936
9,500	961,933
9,500	962,939
9,500	963,939
10,000	964,936
9,500	965,933
9,500	966,941
9,500	967,941
9,500	968,953
9,500	969,950
9,500	970,959
9,500	971,956
9,500	972,953
9,500	973,955
9,500	974,952
9,500	975,972
9,500	977,004
9,500	978,038
9,500	979,032
9,500	980,041
9,500	981,051
9,500	982,040
9,500	983,038
9,500	984,058
9,500	985,055
9,500	986,058
9,500	987,058
9,500	988,066
9,500	989,098
9,500	990,095
9,500	991,103
9,500	992,111
9,500	993,120
9,500	994,117
9,500	995,123
9,500	996,120
9,500	997,120
9,500	998,128
9,500	999,131
9,500	1000,128
9,500	1001,137
9,500	1002,134
9,500	1003,134
9,500	1004,148
9,500	1005,145
9,500	1006,142
9,500	1007,162
9,500	1008,153
9,500	1009,162
9,500	1010,168
9,500	1011,165
9,500	1012,173
9,500	1013,173
9,500	1014,170
9,500	1015,168
9,500	1016,176
9,500	1017,187
9,500	1018,181
9,500	1019,190
9,500	1020,190
9,500	1021,199
9,500	1022,199
9,500	1023,196
9,500	1024,204
9,500	1025,204
9,500	1026,201
9,500	1027,198
9,500	1028,198
9,500	1029,195
9,500	1030,190
9,500	1031,187
9,500	1032,186
9,500	1033,195
9,500	1034,203
9,500	1035,203
9,500	1036,192
9,000	1037,192
9,000	1038,198
9,000	1039,198
9,500	1040,194
9,500	1041,183
9,500	1042,191
9,000	1043,200
9,000	1044,197
9,000	1045,203
9,500	1046,203
9,500	1047,200
9,000	1048,211
9,500	1049,208
9,000	1050,205
9,000	1051,214
9,500	1052,211
9,000	1053,220
9,500	1054,228
9,500	1055,237
9,000	1056,260
9,000	1057,256
9,500	1058,245
9,500	1059,245
9,000	1060,242
9,500	1061,250
9,500	1062,250
9,000	1063,248
9,000	1064,248
9,000	1065,259
9,000	1066,256
9,000	1067,253
9,000	1068,247
9,000	1069,256
9,000	1070,253
9,500	1071,261
9,000	1072,267
9,000	1073,281
9,000	1074,287
9,000	1075,284
9,000	1076,281
9,500	1077,278
9,500	1078,290
9,500	1079,298
9,500	1080,304
9,500	1081,301
9,500	1082,309
9,500	1083,318
9,500	1084,326
9,000	1085,323
9,000	1086,320
9,000	1087,329
9,000	1088,326
9,000	1089,335
9,000	1090,320
9,000	1091,329
9,500	1092,337
9,000	1093,346
9,500	1094,354
9,000	1095,351
9,500	1096,360
9,000	1097,357
9,500	1098,343
9,000	1099,340
9,000	1100,348
9,000	1101,345
9,000	1102,345
9,500	1103,351
9,500	1104,348
9,500	1105,357
9,500	1106,357
9,000	1107,353
9,000	1108,362
9,000	1109,362
9,000	1110,382
9,000	1111,385
9,000	1112,393
9,000	1113,393
9,000	1114,402
9,000	1115,410
9,000	1116,410
9,000	1117,416
9,000	1118,421
9,000	1119,419
9,000	1120,427
9,000	1121,427
9,000	1122,421
9,000	1123,430
9,000	1124,438
9,000	1125,444
9,000	1126,444
9,000	1127,452
8,500	1128,452
9,000	1129,470
9,000	1130,467
9,000	1131,467
9,000	1132,472
9,000	1133,480
8,500	1134,489
9,000	1135,486
9,000	1136,478
9,000	1137,486
9,000	1138,495
8,500	1139,495
9,000	1140,511
9,000	1141,509
8,500	1142,517
9,000	1143,517
8,500	1144,514
8,500	1145,523
9,000	1146,534
9,000	1147,537
8,500	1148,543
9,000	1149,554
9,000	1150,562
9,000	1151,577
9,000	1152,582
9,000	1153,588
9,000	1154,585
8,500	1155,582
9,000	1156,594
8,500	1157,602
9,000	1158,596
8,500	1159,605
8,500	1160,610
8,500	1161,608
8,500	1162,619
8,500	1163,625
8,500	1164,625
8,500	1165,621
8,500	1166,619
8,500	1167,619
8,500	1168,619
8,500	1169,627
8,500	1170,633
8,500	1171,633
8,500	1172,641
8,500	1173,653
8,500	1174,661
8,500	1175,670
8,500	1176,667
8,500	1177,678
8,500	1178,675
8,000	1179,670
8,000	1180,678
8,000	1181,684
8,500	1182,692
8,500	1183,700
8,500	1184,698
8,500	1185,709
8,500	1186,718
8,500	1187,718
8,500	1188,720
8,500	1189,715
8,500	1190,720
8,500	1191,731
8,500	1192,743
8,500	1193,749
8,500	1194,754
8,500	1195,751
8,000	1196,763
8,500	1197,760
8,000	1198,771
8,000	1199,768
8,500	1200,777
8,000	1201,774
8,500	1202,782
8,500	1203,780
8,500	1204,785
8,000	1205,782
8,500	1206,791
8,500	1207,796
8,000	1208,805
8,500	1209,813
8,000	1210,810
8,000	1211,822
8,000	1212,828
8,000	1213,839
8,000	1214,836
8,000	1215,833
8,000	1216,830
8,000	1217,847
8,000	1218,844
8,000	1219,844
8,000	1220,841
8,000	1221,841
8,000	1222,853
8,000	1223,861
8,000	1224,858
8,000	1225,870
8,000	1226,878
8,000	1227,875
8,000	1228,884
8,000	1229,895
8,000	1230,895
8,000	1231,892
8,000	1232,912
8,000	1233,909
8,000	1234,918
7,500	1235,915
8,000	1236,926
8,000	1237,946
7,500	1256,065
7,500	1257,019
7,500	1258,036
7,500	1259,033
7,500	1260,045
7,500	1261,048
7,500	1262,056
7,500	1263,053
7,500	1264,062
7,500	1265,059
7,500	1266,059
7,500	1267,067
7,500	1268,076
7,500	1269,076
7,500	1270,084
7,500	1271,090
7,500	1272,090
7,500	1273,101
7,500	1274,098
7,500	1275,098
7,500	1276,107
7,500	1277,098
7,500	1278,107
7,500	1279,112
7,500	1280,121
7,500	1281,118
7,500	1282,115
7,500	1283,126
7,500	1284,132
7,500	1285,129
7,500	1286,138
7,500	1287,143
7,500	1288,143
7,500	1289,140
7,500	1290,149
7,500	1291,146
7,500	1292,166
7,500	1293,154
7,500	1294,163
7,500	1295,171
7,500	1296,180
7,500	1297,189
7,500	1298,186
7,500	1299,185
7,500	1300,197
7,500	1301,194
7,500	1302,191
7,500	1303,200
7,500	1304,197
7,500	1305,208
7,500	1306,205
7,500	1307,205
7,500	1308,202
7,500	1309,210
7,500	1310,208
7,500	1311,208
7,500	1312,205
7,500	1313,205
7,500	1314,210
7,500	1315,210
7,500	1316,221
7,500	1317,233
7,500	1318,239
7,500	1319,244
7,000	1320,230
7,500	1321,227
7,500	1322,230
7,500	1323,230
7,500	1324,238
7,500	1325,244
7,500	1326,252
7,500	1327,261
7,500	1328,264
7,500	1329,272
7,500	1330,270
7,500	1331,290
7,500	1332,289
7,500	1333,298
7,000	1334,298
7,500	1335,318
7,500	1336,315
7,500	1337,320
7,500	1338,329
7,500	1339,326
7,500	1340,329
7,500	1341,340
7,500	1359,416
7,500	1360,416
7,000	1361,422
7,500	1362,433
7,000	1363,433
7,000	1364,442
7,500	1365,439
7,500	1366,444
7,000	1367,450
7,500	1368,459
7,500	1369,456
7,500	1370,464
7,000	1371,470
7,000	1372,479
7,000	1373,487
7,000	1374,498
7,500	1375,504
7,500	1376,504
7,000	1377,504
7,000	1378,510
7,500	1379,517
7,500	1380,521
7,500	1381,532
7,500	1382,529
7,500	1383,529
7,000	1384,538
7,000	1385,535
7,500	1386,532
7,000	1387,546
7,000	1388,543
7,000	1389,552
7,000	1390,557
7,000	1391,554
7,000	1392,551
7,500	1393,551
7,500	1394,560
7,000	1395,557
7,000	1396,566
7,500	1397,563
7,000	1398,562
7,500	1399,571
7,000	1400,571
7,000	1401,580
7,000	1402,580
7,000	1403,577
7,000	1404,585
7,000	1405,588
7,500	1406,582
7,000	1407,590
7,000	1408,590
7,000	1409,588
7,000	1410,585
7,000	1411,582
7,000	1412,570
7,000	1413,579
7,500	1414,579
7,000	1415,576
7,500	1416,581
7,500	1417,584
7,000	1418,579
7,000	1419,576
7,000	1420,573
7,000	1421,584
7,000	1422,581
7,000	1423,592
7,000	1424,592
7,000	1425,592
7,000	1426,601
7,000	1427,595
7,000	1428,592
7,000	1429,590
7,000	1430,590
7,000	1431,592
7,000	1432,600
7,000	1433,589
7,000	1434,586
7,000	1435,580
7,000	1436,580
7,000	1437,578
7,000	1438,586
7,000	1439,583
7,000	1440,580
7,000	1441,580
7,000	1442,580
7,000	1443,577
7,000	1444,574
7,000	1445,580
7,000	1446,589
7,000	1447,600
7,000	1448,594
7,000	1449,600
7,000	1450,597
7,000	1451,605
6,500	1452,602
7,000	1453,611
7,000	1454,600
7,000	1455,614
7,000	1456,622
7,000	1457,619
7,000	1458,625
7,000	1459,625
7,000	1460,633
7,000	1461,630
7,000	1462,630
7,000	1463,639
7,000	1464,648
7,000	1465,647
7,000	1466,644
7,000	1467,656
7,000	1468,661
7,000	1469,670
7,000	1470,679
7,000	1471,679
6,500	1472,690
7,000	1473,687
7,000	1474,675
6,500	1475,684
7,000	1476,684
7,000	1477,681
7,000	1478,692
7,000	1479,690
7,000	1480,701
7,000	1481,698
7,000	1482,698
6,500	1483,695
7,000	1484,703
7,000	1485,701
7,000	1486,698
7,000	1487,698
7,000	1488,709
6,500	1489,706
7,000	1490,703
6,500	1491,700
6,500	1492,700
7,000	1493,697
7,000	1494,697
7,000	1495,706
6,500	1496,700
7,000	1497,709
7,000	1498,702
7,000	1499,702
7,000	1500,711
7,000	1501,711
6,500	1502,708
7,000	1503,717
7,000	1504,711
6,500	1505,720
