0,428	31,680
1,448	30,880
2,477	30,360
3,505	30,000
4,528	29,800
5,537	29,620
6,565	29,460
7,574	29,300
8,590	29,180
9,608	29,060
10,636	28,960
11,642	28,860
12,659	28,780
13,688	28,680
14,708	28,600
15,728	28,500
16,744	28,440
17,764	28,400
18,784	28,320
19,804	28,260
20,821	28,200
21,850	28,120
22,870	28,000
23,887	28,000
24,904	27,940
25,935	27,880
26,956	27,820
27,978	27,800
29,001	27,760
30,032	27,720
31,047	27,680
32,067	27,600
33,095	27,580
34,112	27,540
35,132	27,500
36,155	27,460
37,183	27,440
38,203	27,440
39,220	27,360
40,252	27,320
41,269	27,280
42,297	27,300
43,329	27,260
44,351	27,240
45,371	27,200
46,406	27,200
47,423	27,140
48,454	27,160
49,477	27,140
50,500	27,040
51,522	27,000
52,542	27,000
53,574	26,960
54,582	26,940
55,614	26,940
56,645	26,920
57,665	26,860
58,688	26,860
59,719	26,840
60,750	26,840
61,779	26,800
62,799	26,780
63,822	26,740
64,842	26,760
65,876	26,760
66,899	26,760
67,910	26,640
68,941	26,640
69,964	26,620
70,987	26,620
72,010	26,600
73,030	26,580
74,047	26,540
75,070	26,560
76,104	26,540
77,127	26,540
78,155	26,500
79,187	26,520
80,207	26,540
81,232	26,520
82,263	26,520
83,286	26,500
84,309	26,360
85,329	26,380
86,352	26,360
87,380	26,340
88,415	26,340
89,440	26,320
90,460	26,280
91,494	26,260
92,509	26,280
93,540	26,240
94,577	26,260
95,603	26,240
96,634	26,240
97,657	26,220
98,691	26,240
99,705	26,220
100,742	26,260
101,754	26,260
102,785	26,240
103,805	26,100
104,831	26,100
105,862	26,080
106,888	26,080
107,922	26,100
108,956	26,080
109,976	26,060
110,988	26,060
112,013	26,040
113,036	26,020
114,068	26,040
115,088	26,020
116,110	26,040
117,121	26,020
118,156	26,040
119,187	26,060
120,207	26,060
121,241	26,080
122,267	26,060
123,293	25,840
124,330	25,940
125,350	25,880
126,387	25,900
127,418	25,880
128,432	25,860
129,455	25,840
130,481	25,860
131,515	25,840
132,538	25,840
133,560	25,820
134,580	25,860
135,615	25,860
136,638	25,860
137,669	25,860
138,692	25,860
139,715	25,820
140,740	25,880
141,766	25,880
142,780	25,860
143,811	25,720
144,837	25,700
145,859	25,720
146,880	25,700
147,900	25,720
148,925	25,700
149,945	25,680
150,960	25,680
151,988	25,600
153,005	25,640
154,040	25,660
155,065	25,680
156,077	25,660
157,111	25,660
158,137	25,660
159,148	25,640
160,162	25,660
161,196	25,680
162,219	25,700
163,245	25,700
164,268	25,720
165,293	25,520
166,316	25,560
167,336	25,560
168,359	25,520
169,384	25,520
170,416	25,500
171,436	25,520
172,461	25,520
173,484	25,520
174,504	25,500
175,535	25,500
176,558	25,480
177,581	25,500
178,604	25,460
179,615	25,460
180,638	25,480
181,664	25,480
182,689	25,520
183,712	25,500
184,746	25,520
185,772	25,520
186,795	25,540
187,812	25,540
188,838	25,560
189,858	25,540
190,883	25,360
191,909	25,400
192,923	25,340
193,954	25,380
194,969	25,360
196,000	25,380
197,023	25,300
198,054	25,360
199,077	25,320
200,108	25,340
201,128	25,360
202,151	25,320
203,162	25,300
204,188	25,340
205,222	25,360
206,248	25,380
207,273	25,360
208,299	25,380
209,325	25,400
210,348	25,400
211,370	25,420
212,382	25,380
213,408	25,200
214,430	25,260
215,453	25,260
216,487	25,220
217,493	25,180
218,530	25,200
219,553	25,200
220,579	25,180
221,607	25,200
222,630	25,200
223,661	25,220
224,672	25,200
225,707	25,180
226,732	25,160
227,752	25,180
228,787	25,180
229,821	25,180
230,838	25,160
231,875	25,160
232,906	25,180
233,929	25,180
234,946	25,180
235,980	25,180
237,003	25,160
238,023	25,180
239,049	25,180
240,072	25,220
241,091	25,040
242,114	25,080
243,146	25,080
244,169	25,060
245,189	25,020
246,214	25,020
247,237	25,000
248,263	25,020
249,288	25,040
250,308	25,000
251,337	25,020
252,362	24,980
253,388	24,980
254,411	25,000
255,448	25,000
256,474	25,000
257,499	25,000
258,522	24,960
259,548	24,960
260,576	24,960
261,599	24,960
262,622	24,960
263,645	24,940
264,670	24,980
265,696	24,980
266,721	24,980
267,744	25,000
268,770	25,000
269,793	25,020
270,807	25,020
271,843	25,040
272,864	25,040
273,887	24,980
274,912	24,880
275,927	24,880
276,952	24,880
277,967	24,820
278,990	24,840
280,015	24,840
281,041	24,840
282,067	24,840
283,089	24,800
284,115	24,820
285,138	24,820
286,169	24,820
287,192	24,820
288,215	24,800
289,238	24,820
290,275	24,820
291,300	24,820
292,326	24,820
293,351	24,860
294,363	24,840
295,386	24,840
296,409	24,880
297,440	24,900
298,463	24,900
299,488	24,880
300,511	24,700
301,525	24,720
302,548	24,700
303,583	24,700
304,614	24,680
305,637	24,700
306,654	24,680
307,690	24,680
308,716	24,680
309,742	24,680
310,768	24,660
311,790	24,660
312,813	24,660
313,836	24,680
314,859	24,660
315,873	24,640
316,896	24,640
317,919	24,660
318,941	24,680
319,967	24,680
321,004	24,680
322,019	24,660
323,047	24,720
324,061	24,700
325,084	24,740
326,101	24,700
327,127	24,740
328,153	24,700
329,175	24,540
330,187	24,560
331,210	24,560
332,224	24,540
333,238	24,520
334,260	24,500
335,283	24,500
336,318	24,520
337,335	24,500
338,358	24,500
339,375	24,520
340,397	24,520
341,414	24,480
342,437	24,500
343,443	24,480
344,466	24,500
345,503	24,480
346,531	24,500
347,554	24,480
348,580	24,480
349,614	24,460
350,622	24,460
351,651	24,480
352,677	24,480
353,714	24,500
354,734	24,480
355,771	24,540
356,805	24,540
357,836	24,540
358,862	24,560
359,888	24,520
360,910	24,540
361,945	24,580
362,956	24,580
363,982	24,560
365,008	24,400
366,053	24,440
367,090	24,420
368,116	24,400
369,144	24,400
370,173	24,380
371,196	24,400
372,230	24,380
373,261	24,360
374,295	24,380
375,310	24,360
376,335	24,400
377,364	24,400
378,387	24,320
379,412	24,420
380,432	24,400
381,472	24,440
382,498	24,460
383,523	24,480
384,538	24,480
385,575	24,500
386,600	24,500
387,632	24,320
388,666	24,380
389,680	24,360
390,706	24,340
391,743	24,340
392,769	24,340
393,789	24,320
394,803	24,320
395,826	24,300
396,851	24,340
397,880	24,340
398,906	24,320
399,928	24,300
400,951	24,320
401,985	24,380
403,020	24,280
404,040	24,260
405,065	24,260
406,088	24,260
407,116	24,240
408,153	24,280
409,165	24,280
410,188	24,260
411,219	24,340
412,265	24,260
413,282	24,220
414,316	24,220
415,339	24,200
416,376	24,240
417,401	24,240
418,424	24,200
419,461	24,220
420,481	24,200
421,504	24,200
422,544	24,220
423,567	24,160
424,595	24,200
425,630	24,180
426,650	24,200
427,675	24,160
428,701	24,140
429,718	24,160
430,741	24,160
431,764	24,160
432,792	24,160
433,823	24,160
434,838	24,280
435,863	24,140
436,880	24,140
437,906	24,140
438,929	24,140
439,958	24,160
440,980	24,120
442,006	24,120
443,040	24,120
444,060	24,100
445,097	24,260
446,123	24,140
447,149	24,120
448,174	24,120
449,197	24,100
450,220	24,120
451,245	24,120
452,268	24,140
453,294	24,120
454,320	24,200
455,354	24,140
456,368	24,140
457,393	24,220
458,416	24,180
459,436	24,120
460,470	24,180
461,485	24,180
462,516	24,180
463,539	24,180
464,568	24,180
465,584	24,180
466,610	24,240
467,636	24,240
468,661	24,240
469,676	24,240
470,699	24,080
471,719	24,040
472,741	24,040
473,775	24,020
474,792	24,040
475,821	24,040
476,844	24,020
477,867	24,040
478,890	24,020
479,918	24,020
480,938	24,020
481,960	24,040
482,992	24,040
484,003	24,020
485,026	24,060
486,040	24,060
487,063	24,060
488,086	24,040
489,109	23,980
490,132	24,000
491,157	24,020
492,191	23,900
493,223	23,840
494,237	23,800
495,263	23,800
496,297	23,740
497,323	23,700
498,343	23,680
499,382	23,660
500,405	23,680
501,428	23,660
502,451	23,600
503,477	23,660
504,491	23,600
505,520	23,640
506,542	23,620
507,565	23,540
508,599	23,560
509,625	23,560
510,650	23,540
511,673	23,520
512,699	23,520
513,722	23,480
514,750	23,460
515,773	23,480
516,796	23,500
517,807	23,460
518,833	23,480
519,859	23,480
520,887	23,480
521,913	23,480
522,944	23,500
523,970	23,480
524,993	23,460
526,030	23,440
527,041	23,400
528,075	23,380
529,098	23,360
530,132	23,380
531,147	23,380
532,170	23,360
533,189	23,340
534,223	23,340
535,238	23,340
536,263	23,340
537,292	23,340
538,320	23,320
539,343	23,320
540,363	23,300
541,389	23,300
542,417	23,240
543,440	23,320
544,466	23,280
545,480	23,300
546,514	23,320
547,531	23,280
548,546	23,320
549,574	23,320
550,600	23,300
551,625	23,300
552,660	23,320
553,682	23,300
554,708	23,260
555,734	23,240
556,751	23,180
557,773	23,200
558,802	23,200
559,825	23,180
560,842	23,160
561,868	23,180
562,896	23,180
563,916	23,160
564,936	23,140
565,964	23,140
566,990	23,160
568,010	23,100
569,030	23,140
570,059	23,160
571,084	23,120
572,113	23,140
573,130	23,120
574,150	23,100
575,155	22,960
576,187	23,080
577,204	23,060
578,238	23,100
579,270	23,060
580,290	23,060
581,315	23,060
582,338	23,040
583,360	23,020
584,386	23,020
585,409	23,040
586,426	23,020
587,449	23,040
588,475	23,060
589,500	23,060
590,517	23,060
591,540	23,000
592,569	22,820
593,586	22,820
594,609	22,800
595,631	22,760
596,651	22,780
597,677	22,780
598,697	22,780
599,722	22,760
600,737	22,760
601,751	22,760
602,765	22,740
603,794	22,780
604,802	22,740
605,820	22,760
606,842	22,760
607,853	22,740
608,876	22,780
609,902	22,780
610,916	22,760
611,933	22,760
612,956	22,780
613,979	22,780
614,999	22,780
616,021	22,780
617,036	22,780
618,059	22,780
619,084	22,780
620,096	22,620
621,121	22,600
622,144	22,560
623,156	22,540
624,178	22,560
625,192	22,540
626,221	22,520
627,244	22,500
628,255	22,500
629,267	22,500
630,295	22,500
631,310	22,460
632,343	22,500
633,355	22,480
634,369	22,480
635,403	22,480
636,423	22,480
637,446	22,500
638,460	22,480
639,480	22,460
640,506	22,480
641,531	22,460
642,554	22,460
643,574	22,460
644,594	22,440
645,617	22,460
646,640	22,440
647,654	22,440
648,674	22,400
649,700	22,400
650,725	22,400
651,740	22,360
652,760	22,340
653,785	22,320
654,797	22,320
655,825	22,300
656,851	22,280
657,870	22,280
658,902	22,320
659,916	22,280
660,936	22,280
661,959	22,260
662,993	22,260
664,025	22,280
665,050	22,240
666,070	22,200
667,096	22,200
668,127	22,200
669,144	22,160
670,179	22,180
671,207	22,180
672,227	22,180
673,250	22,180
674,272	22,140
675,292	22,120
676,318	22,100
677,344	22,060
678,373	22,080
679,404	22,080
680,421	22,060
681,447	22,060
682,472	22,060
683,492	22,040
684,520	22,040
685,558	22,060
686,569	22,040
687,595	22,060
688,615	22,060
689,640	22,040
690,666	22,060
691,691	22,040
692,714	22,000
693,726	21,980
694,751	21,980
695,777	21,960
696,800	21,900
697,831	21,940
698,848	21,900
699,871	21,880
700,891	21,840
701,911	21,820
702,948	21,800
703,962	21,720
704,994	21,720
706,020	21,700
707,037	21,700
708,053	21,680
709,076	21,640
710,110	21,660
711,130	21,660
712,162	21,660
713,188	21,640
714,210	21,640
715,236	21,620
716,256	21,600
717,281	21,600
718,299	21,580
719,319	21,540
720,341	21,520
721,367	21,500
722,390	21,480
723,427	21,480
724,452	21,480
725,472	21,460
726,495	21,480
727,518	21,480
728,550	21,440
729,575	21,420
730,598	21,380
731,612	21,380
732,640	21,360
733,666	21,360
734,695	21,360
735,720	21,340
736,743	21,340
737,763	21,340
738,780	21,320
739,820	21,320
740,843	21,300
741,874	21,300
742,891	21,280
743,920	21,280
744,943	21,260
745,971	21,240
746,994	21,140
748,017	21,100
749,042	21,060
750,065	21,040
751,094	21,040
752,131	21,040
753,154	21,040
754,177	21,040
755,194	21,000
756,217	21,000
757,231	21,020
758,262	21,020
759,293	21,020
760,308	20,980
761,330	21,000
762,348	21,000
763,373	21,000
764,410	21,020
765,430	21,000
766,450	20,980
767,479	20,980
768,499	20,980
769,516	20,980
770,527	20,960
771,564	20,940
772,576	20,880
773,601	20,860
774,612	20,760
775,635	20,760
776,638	20,780
777,652	20,760
778,652	20,760
779,664	20,740
780,690	20,760
781,695	20,760
782,700	20,740
783,720	20,760
784,738	20,720
785,755	20,740
786,769	20,720
787,772	20,700
788,795	20,700
789,815	20,720
790,837	20,720
791,851	20,720
792,870	20,720
793,900	20,720
794,914	20,700
795,929	20,700
796,940	20,680
797,963	20,680
798,980	20,540
799,988	20,560
801,000	20,600
802,028	20,560
803,040	20,560
804,062	20,540
805,080	20,540
806,091	20,540
807,113	20,540
808,125	20,540
809,136	20,560
810,153	20,540
811,168	20,520
812,179	20,520
813,196	20,540
814,208	20,540
815,236	20,540
816,267	20,500
817,290	20,540
818,304	20,500
819,324	20,500
820,347	20,520
821,364	20,500
822,387	20,460
823,410	20,520
824,438	20,500
825,455	20,540
826,464	20,500
827,484	20,500
828,512	20,460
829,515	20,420
830,527	20,360
831,555	20,340
832,566	20,320
833,586	20,340
834,598	20,320
835,618	20,360
836,629	20,340
837,646	20,320
838,663	20,340
839,675	20,360
840,691	20,340
841,709	20,320
842,729	20,320
843,743	20,320
844,754	20,300
845,777	20,320
846,791	20,300
847,806	20,320
848,817	20,320
849,831	20,320
850,845	20,320
851,860	20,320
852,880	20,300
853,888	20,300
854,911	20,300
855,934	20,320
856,948	20,280
857,959	20,240
858,979	20,160
859,993	20,160
861,002	20,160
862,025	20,160
863,033	20,180
864,050	20,180
865,070	20,180
866,079	20,180
867,090	20,160
868,113	20,180
869,130	20,180
870,133	20,160
871,159	20,160
872,173	20,140
873,193	20,140
874,218	20,140
875,221	20,120
876,244	20,140
877,264	20,120
878,290	20,120
879,312	20,140
880,335	20,120
881,361	20,120
882,383	20,060
883,406	19,980
884,435	20,020
885,458	20,040
886,483	20,040
887,506	20,040
888,532	20,040
889,560	20,040
890,597	20,040
891,620	20,040
892,634	20,020
893,663	20,040
894,683	20,020
895,711	20,020
896,731	20,000
897,751	20,020
898,765	20,000
899,794	20,020
900,808	20,020
901,828	20,040
902,860	20,020
903,894	20,040
904,917	20,000
905,940	19,980
906,968	19,920
907,990	19,920
909,013	19,920
910,025	19,920
911,053	19,920
912,076	19,940
913,105	19,920
914,133	19,900
915,153	19,920
916,167	19,920
917,187	19,900
918,207	19,920
919,230	19,920
920,247	19,900
921,270	19,900
922,296	19,900
923,312	19,900
924,330	19,880
925,361	19,900
926,392	19,900
927,421	19,900
928,441	19,880
929,467	19,880
930,492	19,880
931,515	19,860
932,538	19,880
933,558	19,840
934,589	19,860
935,603	19,820
936,635	19,800
937,658	19,760
938,669	19,740
939,695	19,760
940,718	19,760
941,734	19,740
942,763	19,740
943,780	19,740
944,803	19,700
945,817	19,720
946,846	19,720
947,877	19,700
948,905	19,700
949,934	19,680
950,968	19,700
951,994	19,680
953,011	19,700
954,034	19,680
955,057	19,660
956,094	19,660
957,111	19,660
958,136	19,640
959,159	19,580
960,182	19,600
961,213	19,560
962,245	19,560
963,270	19,580
964,282	19,540
965,293	19,540
966,310	19,500
967,330	19,500
968,356	19,500
969,381	19,500
970,404	19,460
971,433	19,500
972,467	19,500
973,490	19,500
974,501	19,480
975,518	19,480
976,527	19,440
977,544	19,460
978,558	19,460
979,581	19,440
980,604	19,440
981,621	19,420
982,646	19,400
983,660	19,420
984,683	19,380
985,695	19,340
986,698	19,340
987,709	19,280
988,729	19,280
989,740	19,260
990,754	19,300
991,774	19,260
992,797	19,240
993,814	19,240
994,829	19,200
995,854	19,220
996,866	19,200
997,889	19,220
998,902	19,200
999,931	19,220
1000,942	19,200
1001,965	19,220
1002,980	19,200
1003,988	19,180
1005,011	19,180
1006,028	19,160
1007,037	19,160
1008,062	19,120
1009,076	19,140
1010,085	19,120
1011,110	19,120
1012,125	19,120
1013,145	19,120
1014,156	19,100
1015,173	19,040
1016,193	18,980
1017,216	19,020
1018,233	18,980
1019,261	18,980
1020,284	18,980
1021,290	18,980
1022,313	18,980
1023,333	18,940
1024,347	18,940
1025,372	18,920
1026,398	18,920
1027,412	18,900
1028,424	18,900
1029,450	18,860
1030,464	18,860
1031,495	18,880
1032,515	18,860
1033,538	18,860
1034,546	18,820
1035,560	18,800
1036,583	18,820
1037,595	18,800
1038,615	18,800
1039,638	18,780
1040,649	18,760
1041,677	18,780
1042,683	18,720
1043,703	18,740
1044,723	18,720
1045,743	18,720
1046,763	18,720
1047,786	18,720
1048,808	18,700
1049,817	18,680
1050,831	18,700
1051,840	18,700
1052,868	18,660
1053,888	18,680
1054,900	18,640
1055,925	18,640
1056,940	18,620
1057,953	18,640
1058,973	18,600
1059,999	18,600
1061,025	18,600
1062,045	18,580
1063,070	18,600
1064,079	18,580
1065,105	18,600
1066,139	18,580
1067,159	18,560
1068,181	18,540
1069,207	18,520
1070,227	18,520
1071,247	18,520
1072,273	18,540
1073,287	18,520
1074,301	18,520
1075,324	18,520
1076,347	18,500
1077,375	18,440
1078,392	18,480
1079,415	18,480
1080,441	18,480
1081,455	18,460
1082,475	18,460
1083,489	18,420
1084,518	18,460
1085,529	18,420
1086,555	18,440
1087,566	18,420
1088,586	18,400
1089,612	18,360
1090,631	18,400
1091,651	18,380
1092,677	18,400
1093,703	18,400
1094,723	18,380
1095,737	18,360
1096,754	18,340
1097,777	18,360
1098,791	18,340
1099,817	18,340
1100,828	18,320
1101,854	18,260
1102,868	18,260
1103,891	18,240
1104,914	18,220
1105,925	18,180
1106,951	18,220
1107,976	18,220
1109,005	18,220
1110,025	18,220
1111,048	18,200
1112,062	18,180
1113,088	18,180
1114,110	18,180
1115,130	18,160
1116,144	18,140
1117,167	18,160
1118,190	18,140
1119,216	18,140
1120,224	18,120
1121,236	18,100
1122,253	18,080
1123,284	18,080
1124,312	18,060
1125,327	18,040
1126,358	18,060
1127,381	18,040
1128,395	18,000
1129,418	18,020
1130,432	18,020
1131,455	18,000
1132,475	17,980
1133,500	17,980
1134,526	17,960
1135,546	17,940
1136,549	17,940
1137,575	17,900
1138,598	17,900
1139,612	17,880
1140,626	17,880
1141,640	17,840
1142,666	17,840
1143,680	17,800
1144,703	17,800
1145,706	17,780
1146,729	17,760
1147,740	17,760
1148,754	17,760
1149,777	17,740
1150,788	17,740
1151,802	17,740
1152,825	17,700
1153,837	17,640
1154,848	17,620
1155,860	17,620
1156,874	17,580
1157,885	17,560
1158,919	17,580
1159,933	17,560
1160,956	17,560
1161,976	17,540
1162,999	17,520
1164,022	17,500
1165,036	17,480
1166,059	17,480
1167,090	17,440
1168,104	17,460
1169,119	17,420
1170,141	17,420
1171,156	17,400
1172,170	17,360
1173,179	17,380
1174,198	17,360
1175,210	17,360
1176,227	17,340
1177,238	17,340
1178,250	17,320
1179,264	17,300
1180,278	17,320
1181,290	17,300
1182,318	17,280
1183,329	17,240
1184,338	17,220
1185,355	17,200
1186,366	17,200
1187,372	17,200
1188,398	17,180
1189,406	17,160
1190,423	17,160
1191,437	17,140
1192,460	17,140
1193,474	17,120
1194,489	17,100
1195,520	17,100
1196,537	17,060
1197,560	17,020
1198,580	17,020
1199,605	17,020
1200,617	16,980
1201,631	16,980
1202,654	16,980
1203,662	16,960
1204,688	16,960
1205,705	16,980
1206,717	16,980
1207,728	16,960
1208,753	16,960
1209,765	16,920
1210,779	16,940
1211,793	16,940
1212,816	16,920
1213,819	16,900
1214,836	16,880
1215,850	16,880
1216,870	16,860
1217,881	16,840
1218,893	16,860
1219,916	16,840
1220,927	16,840
1221,950	16,840
1222,964	16,820
1223,984	16,800
1225,007	16,800
1226,018	16,780
1227,032	16,760
1228,044	16,760
1229,055	16,760
1230,070	16,780
1231,084	16,780
1232,092	16,760
1233,106	16,740
1234,132	16,720
1235,143	16,700
1236,163	16,700
1237,186	16,700
1238,200	16,700
1239,212	16,700
1240,223	16,660
1241,249	16,680
1242,257	16,660
1243,286	16,680
1244,291	16,680
1245,314	16,680
1246,331	16,660
1247,354	16,660
1248,377	16,660
1249,394	16,620
1250,414	16,600
1251,437	16,600
1252,454	16,600
1253,468	16,580
1254,485	16,620
1255,497	16,580
1256,520	16,580
1257,536	16,540
1258,545	16,540
1259,565	16,520
1260,588	16,540
1261,608	16,540
1262,622	16,520
1263,630	16,480
1264,645	16,500
1265,661	16,500
1266,681	16,460
1267,707	16,460
1268,724	16,460
1269,744	16,460
1270,759	16,420
1271,770	16,440
1272,784	16,440
1273,807	16,440
1274,830	16,420
1275,864	16,420
1276,875	16,420
1277,901	16,420
1278,915	16,420
1279,927	16,400
1280,952	16,400
1281,964	16,380
1282,983	16,380
1284,009	16,360
1285,035	16,380
1286,046	16,360
1287,072	16,340
1288,092	16,340
1289,106	16,340
1290,129	16,340
1291,151	16,320
1292,163	16,320
1293,189	16,320
1294,200	16,320
1295,226	16,300
1296,237	16,260
1297,263	16,280
1298,271	16,280
1299,294	16,260
1300,305	16,260
1301,320	16,260
1302,342	16,260
1303,354	16,220
1304,374	16,240
1305,408	16,240
1306,417	16,200
1307,445	16,220
1308,468	16,240
1309,485	16,220
1310,510	16,220
1311,530	16,200
1312,539	16,200
1313,562	16,200
1314,573	16,200
1315,579	16,180
1316,587	16,160
1317,610	16,140
1318,639	16,160
1319,659	16,120
1320,673	16,120
1321,696	16,140
1322,716	16,140
1323,730	16,120
1324,761	16,120
1325,764	16,140
1326,775	16,120
1327,798	16,120
1328,812	16,120
1329,844	16,120
1330,867	16,120
1331,884	16,100
1332,895	16,080
1333,920	16,120
1334,940	16,140
1335,955	16,120
1336,972	16,100
1337,995	16,120
1339,020	16,100
1340,043	16,060
1341,069	16,060
1342,091	16,080
1343,114	16,060
1344,131	16,040
1345,154	16,040
1346,166	16,020
1347,194	15,980
1348,206	16,000
1349,234	16,000
1350,254	15,980
1351,288	16,000
1352,302	15,980
1353,322	15,980
1354,334	15,980
1355,357	15,960
1356,368	15,960
1357,390	15,980
1358,413	15,980
1359,445	15,960
1360,468	15,960
1361,488	15,960
1362,516	15,960
1363,539	15,960
1364,570	15,940
1365,590	15,940
1366,616	15,920
1367,636	15,940
1368,653	15,920
1369,676	15,920
1370,687	15,920
1371,701	15,900
1372,721	15,900
1373,735	15,900
1374,755	15,900
1375,770	15,880
1376,795	15,880
1377,815	15,880
1378,832	15,860
1379,864	15,860
1380,878	15,840
1381,904	15,860
1382,923	15,840
1383,938	15,840
1384,952	15,840
1385,963	15,800
1386,989	15,780
1388,009	15,820
1389,035	15,800
1390,060	15,780
1391,071	15,780
1392,097	15,760
1393,106	15,740
1394,146	15,760
1395,160	15,760
1396,180	15,780
1397,194	15,740
1398,220	15,740
1399,242	15,740
1400,268	15,740
1401,288	15,740
1402,305	15,740
1403,342	15,740
1404,365	15,720
1405,388	15,740
1406,414	15,740
1407,434	15,740
1408,456	15,740
1409,482	15,720
1410,508	15,700
1411,533	15,700
1412,553	15,680
1413,579	15,700
1414,602	15,660
1415,630	15,620
1416,661	15,660
1417,670	15,620
1418,696	15,620
1419,719	15,640
1420,744	15,620
1421,770	15,620
1422,781	15,620
1423,807	15,620
1424,830	15,620
1425,855	15,600
1426,875	15,620
1427,912	15,640
1428,927	15,620
1429,950	15,620
1430,964	15,600
1431,987	15,600
1433,018	15,600
1434,040	15,580
1435,075	15,580
1436,103	15,580
1437,123	15,560
1438,149	15,560
1439,160	15,560
1440,183	15,540
1441,200	15,540
1442,223	15,540
1443,246	15,540
1444,266	15,540
1445,274	15,520
1446,303	15,440
1447,331	15,500
1448,343	15,500
1449,360	15,480
1450,382	15,500
1451,405	15,480
1452,422	15,480
1453,445	15,480
1454,460	15,460
1455,482	15,480
1456,517	15,480
1457,530	15,460
1458,562	15,460
1459,579	15,460
1460,602	15,480
1461,622	15,480
1462,642	15,460
1463,659	15,460
1464,693	15,480
1465,713	15,460
1466,739	15,460
1467,759	15,440
1468,784	15,400
1469,821	15,400
1470,836	15,400
1471,861	15,400
1472,890	15,400
1473,899	15,380
1474,924	15,380
1475,944	15,400
1476,970	15,400
1477,998	15,400
1479,018	15,380
1480,052	15,400
1481,067	15,400
1482,100	15,380
1483,123	15,380
1484,158	15,360
1485,183	15,340
1486,212	15,360
1487,232	15,360
1488,258	15,360
1489,272	15,320
1490,306	15,340
1491,334	15,320
1492,346	15,300
1493,371	15,300
1494,383	15,320
1495,411	15,300
1496,426	15,280
1497,457	15,320
1498,480	15,300
1499,494	15,280
1500,517	15,260
1501,540	15,260
1502,568	15,260
1503,582	15,260
1504,614	15,240
1505,628	15,260
1506,648	15,240
1507,673	15,220
1508,696	15,240
1509,713	15,220
1510,742	15,220
1511,756	15,220
1512,785	15,220
1513,805	15,220
1514,819	15,200
1515,836	15,200
1516,850	15,180
1517,876	15,180
1518,899	15,120
1519,930	15,160
1520,941	15,140
1521,967	15,140
1522,993	15,120
1524,010	15,120
1525,035	15,120
1526,050	15,080
1527,075	15,100
1528,098	15,100
1529,124	15,080
1530,150	15,080
1531,164	15,060
1532,192	15,080
