load
34,500	0,426
33,000	1,437
32,500	2,431
32,000	3,443
31,500	4,431
31,500	5,454
31,500	6,460
31,500	7,475
31,500	8,480
31,500	9,480
31,000	10,480
31,000	11,485
31,000	12,471
30,500	13,480
30,500	14,485
30,500	15,500
30,500	16,502
30,000	17,513
30,000	19,508
30,000	20,510
27,000	79,904
27,000	80,904
27,000	81,910
27,000	82,918
27,000	83,915
27,000	84,916
27,000	85,915
27,000	86,915
27,000	87,924
27,000	88,912
27,000	89,918
27,000	90,915
27,000	91,920
27,000	92,920
26,500	93,932
26,500	94,935
26,500	95,929
27,000	96,949
26,500	97,958
26,500	98,947
26,000	118,010
26,000	119,010
26,000	120,030
26,500	121,025
26,000	122,028
26,000	123,024
26,000	124,039
26,000	125,036
26,000	126,036
25,500	127,047
26,000	128,056
25,500	129,057
25,500	130,047
26,000	131,053
26,000	132,050
26,000	133,050
25,500	134,047
25,500	135,041
25,500	136,050
25,500	137,047
25,500	138,050
25,500	139,047
25,500	140,040
25,500	141,050
25,500	142,052
25,500	143,052
25,500	144,040
25,500	145,043
25,500	146,043
25,000	147,043
25,500	148,049
25,500	149,046
25,500	150,043
25,500	151,043
25,000	152,043
25,500	153,043
25,500	154,049
25,500	155,043
25,500	156,048
25,000	157,037
25,000	159,051
25,000	160,060
25,000	161,057
25,000	162,071
25,000	163,074
25,000	164,071
25,000	165,074
25,000	166,065
25,000	167,073
25,000	168,065
25,000	169,071
25,000	170,065
25,000	171,059
25,000	172,070
25,000	173,070
25,000	174,067
25,000	175,067
25,000	176,064
24,500	177,056
24,500	178,056
24,500	179,059
24,500	180,064
24,500	181,064
24,500	182,064
24,500	183,070
24,500	184,055
25,000	185,067
24,500	186,050
24,500	187,047
24,500	188,038
24,500	189,050
24,500	190,052
24,500	191,046
24,500	192,035
24,500	193,052
24,500	194,043
24,500	195,055
24,500	196,058
24,500	197,049
24,500	198,054
24,500	199,049
24,500	200,031
24,500	201,049
24,500	202,057
24,500	203,049
24,500	204,040
24,500	205,043
24,500	206,048
24,500	207,042
24,500	208,042
24,500	209,042
24,500	210,048
24,500	211,048
24,500	212,045
24,500	213,051
24,500	214,037
24,500	215,039
24,000	216,036
24,500	217,019
24,000	218,025
24,000	219,030
24,000	220,022
24,000	221,013
24,500	222,008
24,000	223,010
24,000	224,010
24,500	224,996
24,000	226,001
24,000	227,004
24,000	227,990
24,000	228,981
24,000	229,984
24,000	230,981
24,000	231,978
24,000	232,970
24,000	233,976
24,000	234,972
24,000	235,955
24,000	236,964
24,000	237,961
24,000	238,952
24,000	239,949
24,000	240,949
24,000	241,952
24,000	242,938
24,000	243,940
24,000	244,938
24,000	245,949
24,000	246,943
24,000	247,934
24,000	248,917
24,000	249,911
24,000	250,906
24,000	251,894
24,000	252,910
24,000	253,889
24,000	254,874
24,000	255,866
24,000	256,851
24,000	257,845
24,000	258,831
24,000	259,831
24,000	260,811
24,000	261,811
24,000	262,802
24,000	263,782
24,000	264,770
24,000	265,753
24,000	266,736
23,500	267,730
24,000	268,716
24,000	269,716
24,000	270,699
24,000	271,693
23,500	272,690
24,000	273,688
24,000	274,679
23,500	275,670
23,500	276,661
23,500	277,653
24,000	278,641
23,500	279,630
24,000	280,630
24,000	281,621
23,500	282,618
24,000	283,604
23,500	284,590
24,000	285,587
24,000	286,581
24,000	287,564
24,000	288,538
23,500	289,523
23,500	290,523
23,500	291,520
23,500	292,512
23,500	293,492
23,500	294,492
23,500	295,472
23,500	296,458
23,500	297,435
23,500	298,431
23,000	317,213
23,500	318,205
23,500	319,185
23,000	320,168
23,500	321,162
23,500	322,156
23,000	323,147
23,500	324,136
23,000	325,130
23,000	326,119
23,500	327,110
23,000	328,101
23,000	329,076
23,500	330,079
23,000	331,067
23,500	332,052
23,000	333,038
23,000	334,027
23,500	335,015
23,000	336,004
23,000	337,001
23,000	337,978
23,000	338,972
23,000	339,958
23,000	340,944
23,000	341,935
23,000	342,926
23,000	343,918
23,000	344,906
23,000	345,903
23,000	346,892
23,000	347,889
23,000	348,883
23,000	349,880
23,000	350,866
23,000	351,866
23,000	352,863
23,000	353,849
23,000	354,840
22,500	355,823
22,500	356,817
23,000	357,805
23,000	358,797
22,500	359,797
22,500	360,791
22,500	361,777
23,000	362,768
23,000	363,760
22,500	364,748
22,500	365,739
23,000	366,733
22,500	367,722
22,500	368,716
23,000	369,702
23,000	370,690
23,000	371,690
22,500	372,687
22,500	373,681
23,000	374,676
22,500	375,664
22,500	376,653
22,500	377,644
23,000	378,636
23,000	379,636
22,500	380,621
22,500	381,627
22,500	382,624
22,500	383,618
22,500	384,604
22,500	385,598
22,500	386,587
22,500	387,570
22,500	388,555
22,500	389,549
22,500	390,538
22,500	391,538
22,500	392,530
22,500	393,506
22,500	394,498
22,500	395,492
22,500	396,489
22,500	397,477
22,500	398,460
22,500	399,440
22,500	400,440
22,500	401,434
22,500	402,420
22,500	403,420
22,500	404,409
22,500	440,220
22,500	441,209
22,500	442,203
22,500	443,198
22,000	444,189
22,500	445,195
22,000	446,192
22,500	447,183
22,000	448,163
22,500	449,154
22,500	450,151
22,500	451,140
22,000	452,126
22,000	453,114
22,000	454,114
22,000	455,109
22,500	456,088
22,500	457,094
22,000	458,086
22,000	459,077
22,000	460,071
22,000	462,060
22,000	463,054
22,000	464,051
22,000	465,039
22,000	466,025
22,000	467,022
22,000	468,019
22,000	469,019
22,000	470,010
22,000	471,016
22,500	472,010
22,000	472,993
22,500	473,990
22,000	474,984
22,000	475,987
22,000	476,981
22,000	477,970
22,000	478,967
22,000	479,956
22,000	480,950
22,000	481,952
22,000	482,952
22,000	483,944
22,000	484,932
22,000	485,932
22,000	486,935
22,000	487,932
22,000	488,926
22,000	489,923
22,000	490,912
22,000	491,912
22,000	492,906
22,000	493,906
22,000	494,906
22,000	495,898
22,000	496,889
22,000	497,880
22,000	498,869
21,500	499,863
22,000	500,866
22,000	501,860
22,000	502,857
22,000	503,846
22,000	504,849
22,000	505,840
21,500	506,842
21,500	507,831
21,500	508,820
21,500	509,820
21,500	510,825
22,000	511,840
21,500	512,840
22,000	513,845
22,000	514,842
22,000	515,845
22,000	516,833
21,500	517,845
21,500	518,833
22,000	519,825
21,500	520,825
21,500	521,822
21,500	522,816
21,500	523,796
21,500	524,801
21,500	525,796
21,500	526,799
21,500	527,793
21,500	528,793
21,500	529,787
22,000	530,787
21,500	531,778
21,500	532,767
21,500	533,772
21,500	534,761
21,500	535,758
21,500	536,755
21,500	537,755
21,500	538,743
21,500	539,746
21,500	540,740
22,000	541,749
21,500	542,749
21,500	543,749
21,500	544,743
21,500	545,743
21,500	546,746
21,500	547,749
21,500	548,743
21,500	549,743
21,500	550,740
21,500	551,729
21,500	552,729
21,500	553,731
21,500	554,726
21,500	555,720
21,500	556,714
21,500	557,708
21,000	558,702
21,500	559,697
21,500	560,694
21,500	561,691
21,500	562,691
21,500	563,680
21,500	564,676
21,500	565,676
21,500	566,670
21,500	567,670
21,500	568,665
21,500	569,668
21,500	570,668
21,500	571,665
21,500	572,659
21,500	573,659
21,500	574,659
21,500	575,659
21,500	576,659
21,000	577,656
21,000	578,653
21,500	579,641
21,000	580,644
21,000	581,644
21,500	582,644
21,500	583,635
21,500	584,624
21,000	585,627
21,000	586,627
21,000	587,621
21,000	588,621
21,000	589,615
21,000	590,609
21,000	591,606
21,000	592,606
21,000	593,606
21,000	594,600
21,000	595,609
21,000	596,598
21,000	597,600
21,000	598,600
21,000	599,600
21,000	600,600
21,000	601,600
21,000	602,586
21,000	603,591
21,000	604,589
21,000	605,588
21,000	606,580
21,000	607,580
21,000	608,580
21,000	609,588
21,000	610,585
21,000	611,588
21,000	612,582
21,000	613,585
21,000	614,579
21,000	615,579
21,000	616,573
21,000	617,559
21,000	618,550
21,000	619,553
21,000	620,548
21,000	621,533
21,000	622,524
21,000	623,524
21,000	624,519
21,000	625,507
21,000	626,504
21,000	627,510
21,000	628,507
21,000	629,490
21,000	630,479
21,000	631,470
21,000	632,464
21,000	633,452
21,000	634,455
21,000	635,447
21,000	636,444
21,000	637,447
21,000	638,444
21,000	639,443
21,000	640,435
21,000	641,438
21,000	642,432
21,000	643,438
21,000	644,429
21,000	645,426
21,000	646,429
21,000	647,429
21,000	648,434
21,000	649,426
21,000	650,415
21,000	651,423
21,000	652,414
21,000	653,409
21,000	654,411
21,000	655,408
21,000	656,414
21,000	658,411
21,000	659,417
21,000	660,414
21,000	661,411
21,000	662,417
21,000	663,414
21,000	664,422
21,000	665,416
21,000	666,402
21,000	667,405
21,000	668,408
21,000	669,402
20,500	670,399
20,500	671,402
20,500	672,393
20,500	673,399
20,500	674,390
20,500	675,396
21,000	676,390
20,500	677,390
21,000	678,384
20,500	679,390
21,000	680,384
21,000	681,384
21,000	682,381
21,000	683,372
20,500	684,370
20,500	685,370
20,500	686,364
20,500	687,370
21,000	688,358
21,000	689,355
20,500	690,349
20,500	691,352
20,500	692,343
20,500	693,343
20,500	694,332
20,500	695,335
20,500	696,323
20,500	697,323
20,500	698,311
20,500	699,314
20,500	700,312
20,500	701,311
20,500	702,309
20,500	703,303
20,500	704,303
20,500	705,303
20,500	706,297
20,500	707,282
20,500	708,285
21,000	709,274
21,000	710,268
20,500	711,257
21,000	712,248
21,000	713,257
20,500	714,250
20,500	715,245
20,500	716,239
20,500	717,239
20,500	718,239
20,500	719,233
20,500	720,228
20,500	721,230
20,500	722,233
20,500	723,230
20,500	724,236
20,500	725,230
20,500	726,227
20,500	727,233
20,500	728,230
20,500	729,224
20,500	730,224
20,500	731,219
20,500	732,218
20,500	733,204
20,500	734,204
20,500	735,198
20,500	736,192
20,500	737,181
20,500	738,190
20,500	739,187
20,500	740,189
20,500	741,192
20,500	742,203
20,500	743,203
20,500	744,195
20,500	745,209
20,500	746,209
20,500	747,214
20,500	748,220
20,500	749,209
20,500	750,217
20,500	751,226
20,500	752,229
20,500	753,223
20,500	754,229
20,000	755,229
20,500	756,228
20,500	757,228
20,500	758,220
20,500	759,227
20,500	760,211
20,000	761,208
20,500	762,214
20,500	763,208
20,000	764,213
20,500	765,220
20,500	766,208
20,500	767,219
20,500	768,225
20,500	769,219
20,500	770,216
20,500	771,208
20,500	772,213
20,500	773,213
20,500	774,213
20,500	775,210
20,500	776,216
20,000	777,216
20,000	778,213
20,500	779,213
20,500	780,207
20,500	781,201
20,500	782,210
20,500	783,204
20,500	784,204
20,500	785,215
20,000	786,218
20,500	787,212
20,000	788,215
20,000	789,218
20,500	790,221
20,500	791,209
20,500	792,218
20,000	793,212
20,000	794,226
20,000	795,226
20,000	796,220
20,000	797,232
20,000	798,226
20,000	799,237
20,000	800,234
20,000	801,246
20,000	802,240
20,000	803,246
20,000	804,237
20,000	805,234
20,000	806,245
20,000	807,231
20,000	808,234
20,000	809,228
20,000	810,237
20,000	811,237
20,000	812,242
20,000	813,242
20,000	814,251
20,000	815,251
20,000	816,239
20,000	817,239
20,000	818,239
20,000	819,242
20,000	820,242
20,000	821,242
20,000	822,236
20,000	823,239
20,000	824,239
20,000	825,244
20,000	826,247
20,000	827,244
20,500	828,250
20,000	829,250
20,500	830,239
20,000	831,235
20,000	832,235
20,000	833,230
20,000	834,232
20,000	835,232
20,000	836,232
20,000	837,221
20,000	838,227
20,000	839,224
20,000	840,226
20,000	841,226
20,000	842,229
20,000	843,218
20,000	844,223
20,000	845,212
19,500	846,218
20,000	847,215
20,000	848,217
20,000	849,214
20,000	850,220
19,500	851,217
20,000	852,211
20,000	853,211
20,000	854,211
20,000	855,197
20,000	856,206
20,000	857,194
20,000	858,197
20,000	859,188
19,500	860,188
19,500	861,191
20,000	862,202
20,000	863,194
20,000	864,190
19,500	865,185
19,500	866,168
20,000	867,170
20,000	868,170
20,000	869,165
20,000	870,159
20,000	871,153
20,000	872,153
20,000	873,136
20,000	874,136
20,000	875,130
20,000	876,121
20,000	877,119
19,500	878,107
19,500	879,099
20,000	880,099
20,000	881,090
19,500	882,087
20,000	883,081
20,000	884,081
20,000	885,078
20,000	886,075
20,000	887,061
19,500	888,052
20,000	889,052
19,500	890,043
20,000	891,040
19,500	892,046
19,500	893,038
19,500	894,029
19,500	895,018
19,500	896,009
19,500	897,000
19,500	898,000
20,000	899,006
19,500	900,003
19,500	900,989
19,500	901,997
19,500	902,986
19,500	903,986
19,500	904,977
19,500	905,977
19,500	906,986
20,000	907,997
19,500	908,985
19,500	909,985
19,500	910,988
19,500	911,977
19,500	912,971
19,500	913,976
19,500	914,960
19,500	915,962
19,500	916,968
19,500	917,956
19,500	918,959
19,500	919,950
19,500	920,945
19,500	921,939
19,500	922,933
19,500	923,930
19,500	924,927
19,500	925,927
19,500	926,919
19,500	927,913
19,500	928,910
19,500	929,907
19,500	930,892
19,500	931,896
19,500	932,887
19,500	933,881
19,500	934,872
19,500	935,872
19,000	936,864
19,000	937,864
19,500	938,852
19,500	939,850
19,500	941,832
19,500	942,832
19,500	943,823
19,000	944,820
19,000	945,812
19,000	946,809
19,000	947,803
19,000	948,800
19,000	949,797
19,000	950,791
19,000	951,789
18,500	952,791
18,500	953,777
18,500	954,771
18,500	955,760
19,000	956,751
18,500	957,751
18,500	958,742
18,500	959,742
18,500	960,740
18,500	961,731
18,500	962,737
18,500	963,728
18,500	964,722
18,500	965,719
18,500	966,710
18,500	967,699
18,500	968,690
18,500	969,688
18,500	970,679
18,500	971,679
18,500	972,679
18,500	973,665
18,500	974,664
18,500	975,653
18,500	976,656
18,500	977,641
18,500	978,641
18,500	979,636
18,500	980,636
18,500	981,635
18,500	982,635
18,500	983,627
18,000	984,615
18,500	985,618
18,000	986,607
18,500	987,618
18,500	988,607
18,500	989,609
18,500	990,606
18,000	991,598
18,000	992,598
18,000	993,589
18,000	994,586
18,000	995,580
18,000	996,569
18,000	997,571
18,000	998,560
18,500	999,560
18,000	1000,549
18,000	1001,554
18,000	1002,551
18,000	1003,551
18,000	1004,551
18,000	1005,546
18,000	1006,542
18,000	1007,531
18,000	1008,528
18,000	1009,534
18,000	1010,525
18,000	1011,525
18,000	1012,511
18,000	1013,511
18,000	1014,513
18,000	1015,505
18,000	1016,496
18,000	1017,482
18,000	1018,479
18,000	1019,476
18,000	1020,476
18,000	1021,470
18,000	1022,467
18,000	1023,459
18,000	1024,459
18,000	1025,450
18,000	1026,453
18,000	1027,447
18,000	1028,436
18,000	1029,433
18,000	1030,421
17,500	1031,421
18,000	1032,424
18,000	1033,412
18,000	1034,407
18,000	1035,407
18,000	1036,395
18,000	1037,392
18,000	1038,392
18,000	1039,386
18,000	1040,387
18,000	1041,389
18,000	1042,398
18,000	1043,386
18,000	1044,392
18,000	1045,389
18,000	1046,375
18,000	1047,374
18,000	1048,374
18,000	1049,360
17,500	1050,354
17,500	1051,351
18,000	1052,343
17,500	1053,320
18,000	1054,334
17,500	1055,323
17,500	1056,325
17,500	1057,311
18,000	1058,308
18,000	1059,305
18,000	1060,302
17,500	1061,300
17,500	1062,291
17,500	1063,288
17,500	1064,285
18,000	1065,290
17,500	1066,276
17,500	1067,276
18,000	1068,265
17,500	1069,259
18,000	1070,253
18,000	1071,253
17,500	1072,250
17,500	1073,245
17,500	1074,244
18,000	1075,230
17,500	1076,230
17,500	1077,219
17,500	1078,210
17,500	1079,204
17,500	1080,201
17,500	1081,207
18,000	1082,207
17,500	1083,198
18,000	1084,195
17,500	1085,192
17,500	1086,172
18,000	1087,158
17,500	1088,147
18,000	1089,146
17,500	1090,126
17,500	1091,118
17,500	1092,115
17,500	1093,103
18,000	1094,098
17,500	1095,083
17,500	1096,069
17,500	1097,069
18,000	1098,060
18,000	1099,057
17,500	1100,040
17,500	1101,034
18,000	1102,026
17,500	1103,014
17,500	1104,014
17,500	1105,011
18,000	1106,011
17,500	1106,988
17,500	1107,977
17,500	1108,971
17,000	1109,971
17,500	1110,957
17,000	1111,960
17,000	1112,957
17,000	1113,950
17,000	1114,950
17,000	1115,948
17,000	1116,936
17,000	1117,939
17,000	1118,922
16,500	1119,910
16,500	1120,908
17,000	1121,910
16,500	1122,896
16,500	1123,887
17,000	1124,876
17,000	1125,873
17,000	1126,864
16,500	1127,861
17,000	1128,856
16,500	1129,844
16,500	1130,830
16,500	1131,818
17,000	1132,818
16,500	1133,807
16,500	1134,790
17,000	1135,778
17,000	1136,781
17,000	1137,770
16,500	1138,761
17,000	1139,758
16,500	1140,749
17,000	1141,740
16,500	1142,718
16,500	1143,718
16,500	1144,712
17,000	1145,712
17,000	1146,698
17,000	1147,697
16,500	1148,689
17,000	1149,677
16,500	1150,677
17,000	1151,671
16,500	1152,663
16,500	1153,660
16,500	1154,651
16,500	1155,651
16,500	1156,651
16,500	1157,634
16,500	1158,631
16,500	1159,625
16,500	1160,614
16,500	1161,622
16,500	1162,617
16,500	1163,617
16,500	1164,613
16,500	1165,605
16,500	1166,610
16,500	1167,605
16,500	1168,602
16,500	1169,593
16,500	1170,593
16,500	1171,590
16,500	1172,582
16,500	1173,581
16,500	1174,564
16,500	1175,561
16,500	1176,550
16,500	1177,541
16,500	1178,541
16,500	1179,536
16,000	1180,521
16,000	1181,518
16,000	1182,510
15,500	1183,498
16,000	1184,495
15,500	1185,484
15,500	1186,470
15,000	1187,470
15,000	1188,452
15,000	1189,452
15,000	1190,435
15,000	1191,435
15,000	1192,415
15,000	1193,409
15,000	1194,400
15,000	1195,395
15,000	1196,383
15,000	1197,366
15,000	1198,354
15,000	1199,346
15,000	1200,337
15,000	1201,326
15,000	1202,329
15,000	1203,326
15,000	1204,306
15,000	1205,311
15,000	1206,302
15,000	1207,302
15,000	1208,288
15,000	1209,288
15,000	1210,282
15,000	1211,271
15,000	1212,274
15,000	1213,274
15,000	1214,271
15,000	1215,262
14,500	1216,262
14,500	1217,248
14,500	1218,248
14,500	1219,248
14,500	1220,236
14,500	1221,230
14,500	1222,228
14,500	1223,222
14,500	1224,227
14,500	1225,227
14,000	1226,219
14,000	1227,207
14,000	1228,196
14,000	1229,179
14,000	1230,179
14,000	1231,181
14,000	1232,164
14,000	1233,150
14,000	1234,144
14,000	1235,144
14,000	1236,135
14,000	1237,132
13,500	1238,112
14,000	1239,115
14,000	1240,100
13,500	1241,098
14,000	1242,086
14,000	1243,080
13,500	1244,069
13,500	1245,069
13,500	1246,049
13,500	1247,038
13,500	1248,023
13,000	1249,026
13,000	1250,014
13,500	1251,000
13,500	1251,991
13,500	1252,980
13,000	1253,969
13,000	1254,957
13,500	1255,948
13,500	1256,940
13,500	1257,937
13,000	1258,934
13,000	1259,922
13,000	1260,920
13,000	1261,931
13,000	1262,911
13,000	1263,908
13,000	1264,899
13,000	1265,899
12,500	1266,902
12,500	1267,885
12,500	1268,885
12,500	1269,872
12,500	1270,862
12,500	1271,862
12,500	1272,845
12,500	1273,839
12,500	1274,827
12,500	1275,821
12,500	1276,810
12,500	1277,804
12,500	1278,793
12,500	1279,787
12,500	1280,764
12,500	1281,752
12,500	1282,730
12,500	1283,747
12,500	1284,741
12,500	1285,741
12,500	1286,730
12,500	1287,730
12,500	1288,732
12,500	1289,726
12,500	1290,720
12,000	1291,720
12,500	1292,715
12,500	1293,712
12,500	1294,712
12,500	1295,710
12,500	1296,698
12,500	1297,698
12,500	1298,691
12,500	1299,680
12,500	1300,680
12,500	1301,677
12,000	1302,666
12,000	1303,657
12,500	1304,654
12,000	1305,654
12,000	1306,645
12,000	1307,631
12,000	1308,631
12,500	1309,622
12,000	1310,631
12,500	1311,622
12,500	1312,620
12,500	1313,608
12,000	1314,602
12,500	1315,582
12,000	1316,582
12,000	1317,585
12,000	1318,573
12,000	1319,562
12,000	1320,559
12,000	1321,559
12,000	1322,556
12,000	1323,547
12,000	1324,547
12,000	1325,561
12,000	1326,547
12,000	1327,536
12,000	1328,524
12,000	1329,510
12,000	1330,504
12,000	1331,504
12,000	1332,492
12,000	1333,487
12,000	1334,475
12,000	1335,472
12,000	1336,475
12,000	1337,464
12,000	1338,452
12,500	1339,446
12,000	1340,435
12,000	1341,435
12,000	1342,420
12,000	1343,409
12,000	1344,403
12,000	1345,400
12,000	1346,398
12,000	1347,389
12,000	1348,377
12,000	1349,366
12,000	1350,360
12,000	1351,360
12,000	1352,349
12,000	1353,340
12,000	1354,340
12,000	1355,326
12,000	1356,317
12,000	1357,314
12,000	1358,302
11,500	1359,294
12,000	1360,294
11,500	1361,288
11,500	1362,280
12,000	1363,268
11,500	1364,262
11,500	1365,251
11,500	1366,250
11,500	1367,239
11,500	1368,228
12,000	1369,225
11,500	1370,213
11,500	1371,225
11,500	1372,213
12,000	1373,201
11,500	1374,199
11,500	1375,190
11,500	1376,181
11,500	1377,173
11,500	1378,173
11,500	1379,167
11,500	1380,164
11,500	1381,167
11,500	1382,161
11,500	1383,161
11,500	1384,167
11,500	1385,167
12,000	1386,164
11,500	1387,147
12,000	1388,152
11,500	1389,138
11,500	1390,140
11,500	1391,140
11,500	1392,132
11,500	1393,129
11,500	1394,126
12,000	1395,118
11,500	1396,118
11,500	1397,115
11,500	1398,106
11,500	1399,106
11,500	1400,094
11,500	1401,097
11,500	1402,086
11,000	1403,086
11,000	1404,077
11,000	1405,066
11,000	1406,063
11,000	1407,054
11,000	1408,057
11,000	1409,045
11,500	1410,037
11,000	1411,037
11,000	1412,042
11,000	1413,031
11,000	1414,040
11,000	1415,034
11,000	1416,033
11,000	1417,033
11,000	1418,028
10,500	1419,016
11,000	1420,008
11,000	1421,005
11,000	1421,999
11,000	1423,001
11,000	1423,999
10,500	1424,976
10,500	1425,973
11,000	1426,979
11,000	1427,979
10,500	1428,970
11,000	1429,976
11,000	1430,967
11,000	1431,967
10,500	1432,958
10,500	1433,950
10,500	1434,941
11,000	1435,938
11,000	1436,935
10,500	1437,927
11,000	1438,927
10,500	1439,924
11,000	1440,918
11,000	1441,906
10,500	1442,906
10,500	1443,895
11,000	1444,889
11,000	1445,883
10,500	1446,878
11,000	1447,874
11,000	1448,871
11,000	1449,869
10,500	1450,866
11,000	1451,863
11,000	1452,857
11,000	1453,857
11,000	1454,866
11,000	1455,854
10,500	1456,854
11,000	1457,854
10,500	1458,857
10,500	1459,845
10,500	1460,845
10,500	1461,842
10,500	1462,831
10,500	1463,831
10,500	1464,825
10,500	1465,813
10,500	1466,810
10,500	1467,808
10,500	1468,802
10,500	1469,799
10,500	1470,790
10,500	1471,790
10,500	1472,784
10,500	1473,784
10,500	1474,773
10,500	1475,770
10,500	1476,764
10,500	1477,750
10,500	1478,750
10,500	1479,744
10,500	1480,733
11,000	1481,730
11,000	1482,727
10,500	1483,715
10,500	1484,718
10,500	1485,718
10,500	1486,718
10,500	1487,715
11,000	1488,715
11,000	1489,703
10,500	1490,706
11,000	1491,703
10,500	1492,695
10,500	1493,695
