load
28,000	0,441
27,000	1,442
26,500	2,433
26,000	3,462
25,500	4,480
25,500	5,490
25,500	6,516
25,000	7,530
25,000	8,522
24,500	9,539
24,500	10,547
24,500	11,545
24,000	12,576
24,000	13,587
24,000	14,596
24,000	15,619
24,000	16,627
24,000	17,647
23,500	18,656
23,500	19,647
23,500	20,681
23,500	21,684
23,000	22,698
23,000	23,718
23,000	24,724
23,000	25,739
23,000	26,752
22,500	27,764
22,500	28,780
23,000	29,792
22,500	30,812
22,500	31,820
22,500	32,824
22,500	33,838
22,500	34,852
22,500	35,880
22,000	36,891
22,000	37,915
22,000	38,934
22,000	39,946
22,000	40,966
22,000	41,980
21,000	63,319
21,000	64,341
20,500	65,356
21,000	66,361
20,500	67,347
20,500	68,375
20,500	69,395
20,500	70,404
20,500	71,421
20,500	72,438
20,500	73,447
20,000	74,455
20,500	75,486
20,500	76,461
20,500	77,455
20,000	78,460
20,000	79,475
20,000	80,463
20,000	81,469
20,000	82,483
20,000	83,500
20,000	84,506
20,000	85,503
20,000	86,511
20,000	87,517
20,000	88,529
20,000	89,537
20,000	90,546
20,000	91,554
19,500	92,551
19,500	93,569
19,500	94,574
19,500	95,577
19,500	96,586
19,500	97,577
19,500	98,594
19,500	99,600
19,500	100,605
19,500	101,602
19,500	102,610
19,500	103,622
19,500	104,616
19,500	105,622
19,500	106,628
19,500	107,619
19,500	108,696
19,500	109,653
19,500	110,648
19,500	111,641
19,500	112,648
19,500	113,653
19,000	114,647
19,000	115,653
19,000	116,661
19,000	117,659
19,000	118,664
19,000	119,658
19,000	120,652
19,000	121,673
19,000	122,681
19,000	123,684
19,500	124,684
19,000	125,684
19,000	126,684
19,000	127,689
19,000	128,680
19,000	129,697
19,000	130,678
19,000	131,689
19,000	132,680
18,500	133,675
19,000	134,683
19,000	135,691
19,000	136,691
19,000	137,694
19,000	138,706
18,500	139,703
18,500	140,697
19,000	141,706
18,500	142,691
18,500	143,705
18,500	144,711
18,500	145,711
18,500	146,708
18,500	147,732
18,500	148,720
19,000	149,731
18,500	150,722
18,500	151,734
18,500	152,736
18,500	153,742
18,500	154,748
18,500	155,745
18,500	156,765
18,500	157,774
18,500	158,779
18,000	178,906
18,000	179,912
18,000	180,918
18,000	181,943
18,000	182,949
18,000	183,960
18,000	184,969
18,000	185,974
18,000	186,989
18,000	187,980
18,000	188,991
17,500	189,996
18,000	190,986
18,000	191,994
18,000	192,986
18,000	193,982
18,000	194,985
18,000	195,997
18,000	197,014
18,000	198,022
18,000	199,022
18,000	200,028
18,000	201,037
18,000	202,050
18,000	203,056
18,000	204,076
18,000	205,088
17,500	206,102
18,000	207,108
17,500	208,108
17,500	209,116
17,500	210,121
18,000	211,116
17,500	212,130
18,000	213,136
17,500	214,142
17,500	215,159
17,500	216,161
17,500	217,167
18,000	218,167
17,500	219,170
17,500	220,175
17,500	221,195
17,500	222,201
17,500	223,210
17,500	224,221
17,500	225,235
17,500	226,232
17,500	227,246
17,500	228,258
17,000	229,272
17,500	230,283
17,000	231,286
17,000	232,300
17,000	233,303
17,000	234,300
17,000	235,291
17,000	236,306
17,000	237,309
17,000	238,311
17,000	239,314
17,000	240,323
17,000	241,320
17,000	242,334
17,000	243,337
17,500	244,351
17,000	245,362
17,500	246,360
17,000	247,377
17,000	248,371
17,000	249,393
17,000	250,391
17,000	251,400
17,000	252,402
17,000	253,416
17,500	254,413
17,000	255,428
17,000	256,419
17,000	257,436
17,000	258,425
17,000	259,436
17,000	260,436
17,000	261,450
17,000	262,447
17,000	263,450
17,000	264,456
17,000	265,467
17,000	266,470
17,000	267,484
17,000	268,492
17,000	269,499
16,500	270,501
17,000	271,510
16,500	272,521
16,500	273,515
17,000	274,535
17,000	275,538
17,000	276,544
16,500	277,546
17,000	278,563
17,000	279,563
17,000	280,572
17,000	281,572
17,000	282,580
17,000	283,583
17,000	284,580
16,500	285,597
16,500	286,603
17,000	287,617
16,500	288,626
16,500	289,631
16,500	290,646
16,500	291,654
16,500	292,657
16,500	293,668
16,500	294,668
16,500	295,682
16,500	296,694
16,500	297,691
16,500	298,700
16,500	299,717
16,500	300,728
16,500	301,742
16,500	302,751
16,500	303,762
16,500	304,762
16,500	305,765
16,500	306,793
16,500	307,813
16,500	308,822
16,500	309,861
16,500	310,870
16,500	311,876
16,500	312,884
16,500	313,901
16,500	314,896
16,500	315,899
16,500	316,933
16,500	317,938
16,500	318,950
16,500	319,961
16,500	320,970
16,500	321,972
16,500	322,990
16,500	323,998
16,000	325,041
16,000	326,052
16,000	327,086
16,000	328,095
16,000	329,103
16,000	330,118
16,500	331,126
16,000	332,140
16,000	333,166
16,000	334,166
16,500	335,191
16,000	336,200
16,500	337,211
16,500	338,209
16,000	339,226
16,500	340,243
16,000	341,251
16,000	342,277
16,000	343,289
16,000	344,302
16,000	345,317
16,500	346,322
16,500	347,331
16,000	348,325
16,000	349,342
16,000	350,340
16,000	351,365
16,000	352,371
16,000	353,379
16,000	354,385
16,000	355,388
16,000	356,422
16,000	357,439
16,000	358,445
15,500	359,476
15,500	360,505
16,000	361,541
16,000	362,550
15,500	363,553
16,000	364,579
16,000	365,579
16,000	366,579
16,000	367,612
15,500	368,624
15,500	369,641
16,000	370,644
16,000	371,670
16,000	372,678
15,500	373,681
15,500	374,690
16,000	375,695
16,000	376,698
15,500	377,703
15,500	378,712
15,500	379,715
16,000	380,718
15,500	381,720
15,500	382,726
15,500	383,732
15,500	384,729
15,500	385,749
15,500	386,743
15,500	387,757
15,500	388,760
15,500	389,771
15,500	390,783
15,500	391,786
15,500	392,794
15,500	393,811
15,500	394,805
15,500	395,811
15,500	396,820
15,500	397,828
15,500	398,877
15,500	399,840
15,500	400,857
15,500	401,860
15,500	402,871
15,500	403,880
15,500	404,888
15,500	405,890
15,500	406,899
15,000	407,916
15,000	408,919
15,500	409,921
15,500	410,930
15,500	411,933
15,500	412,939
15,500	413,936
15,500	414,936
15,000	415,941
15,500	416,941
15,500	417,944
15,500	418,952
15,000	419,952
15,500	420,967
15,000	421,972
15,500	422,967
15,500	423,972
15,500	424,975
15,500	425,967
15,000	426,982
15,500	427,986
15,500	428,983
15,500	429,986
15,500	430,989
15,500	431,995
15,500	432,998
15,000	434,006
15,500	435,017
15,500	436,009
15,500	437,020
15,500	438,026
15,500	439,034
15,500	440,034
15,500	441,034
15,500	442,049
15,000	443,051
15,500	444,042
15,000	445,042
15,500	446,057
15,500	447,057
15,000	448,062
15,000	449,065
15,000	450,080
15,500	451,065
15,500	452,079
15,000	453,093
15,000	454,093
15,000	455,105
15,000	456,099
15,000	457,110
15,000	458,125
15,000	459,128
15,000	460,133
15,000	461,130
15,000	462,141
15,000	463,141
15,000	464,139
15,000	465,150
15,000	466,147
15,000	467,150
15,000	468,158
15,000	469,158
15,000	470,161
15,000	471,175
15,000	472,181
15,000	473,190
15,000	474,190
15,000	475,201
15,000	476,192
15,000	477,203
15,000	478,212
15,000	479,212
15,000	480,215
15,000	481,212
15,000	482,226
15,000	483,246
15,000	484,249
15,000	485,260
15,000	486,269
15,000	487,271
15,000	488,283
15,000	489,280
15,000	490,280
15,000	491,286
15,000	492,289
15,000	493,294
15,000	494,294
15,000	495,297
15,000	496,314
15,000	497,311
15,000	498,314
15,000	499,325
15,000	500,322
15,000	501,340
15,000	502,342
15,000	503,339
15,000	504,350
15,000	505,362
15,000	506,359
15,000	507,365
15,000	508,382
15,000	509,393
15,000	510,410
15,000	511,419
15,000	512,433
15,000	513,447
15,000	514,453
15,000	515,459
15,000	516,467
15,000	517,479
15,000	518,484
15,000	519,510
15,000	520,521
15,000	521,521
15,000	522,535
15,000	523,547
15,000	524,552
15,000	525,544
15,000	526,566
15,000	527,572
15,000	528,572
15,000	529,589
15,000	530,600
15,000	531,609
15,000	532,623
15,000	533,632
15,000	534,646
15,000	535,654
15,000	536,657
15,000	537,672
15,000	538,677
15,000	539,680
15,000	540,683
15,000	541,697
15,000	542,717
15,000	543,723
15,000	544,734
15,000	545,737
15,000	546,748
15,000	547,765
15,000	548,771
15,000	549,788
15,000	550,794
15,000	551,802
15,000	552,805
15,000	553,819
15,000	554,828
15,000	555,828
15,000	556,836
15,000	557,848
15,000	558,850
15,000	559,861
15,000	560,873
15,000	561,893
15,000	562,899
15,000	563,910
15,000	564,916
15,000	565,921
15,000	566,939
15,000	567,950
15,000	568,959
15,000	569,970
15,000	570,981
15,000	571,998
15,000	573,015
15,000	574,030
15,000	575,047
15,000	576,052
15,000	577,063
15,000	578,080
15,000	579,086
15,000	580,103
15,000	581,103
15,000	582,129
15,000	583,129
15,000	584,140
15,000	585,149
15,000	586,160
15,000	587,166
15,000	588,177
15,000	589,180
15,000	590,183
15,000	591,200
15,000	592,200
15,000	593,211
15,000	594,222
14,500	595,222
15,000	596,237
15,000	597,248
15,000	598,260
15,000	599,262
14,500	600,254
15,000	601,260
14,500	602,268
15,000	603,271
15,000	604,279
15,000	605,279
15,000	606,290
15,000	607,293
14,500	608,296
15,000	609,313
15,000	610,310
15,000	611,316
14,500	612,316
15,000	613,330
15,000	614,336
15,000	615,347
15,000	616,347
14,500	617,347
15,000	618,355
14,500	619,375
15,000	620,381
15,000	621,390
14,500	622,387
15,000	623,392
15,000	624,395
15,000	625,401
15,000	626,412
15,000	627,415
15,000	628,426
15,000	629,423
15,000	630,426
15,000	631,426
15,000	632,435
15,000	633,449
15,000	634,457
15,000	635,469
15,000	636,474
15,000	637,491
15,000	638,486
14,500	639,506
15,000	640,503
15,000	641,506
15,000	642,517
15,000	643,517
15,000	644,528
14,500	645,540
15,000	646,548
14,500	647,562
15,000	648,568
14,500	649,582
15,000	650,588
15,000	651,588
14,500	652,591
15,000	653,608
14,500	654,613
14,500	655,622
15,000	656,622
15,000	657,616
14,500	658,625
14,500	659,628
14,500	660,641
14,500	661,644
14,500	662,659
14,500	663,659
14,500	664,667
14,500	665,661
14,500	666,670
14,500	667,681
14,500	668,690
14,500	669,690
14,500	670,684
14,500	671,701
14,500	672,698
15,000	673,704
14,500	674,718
14,500	675,721
14,500	676,732
15,000	677,738
14,500	678,749
14,500	679,755
14,500	680,760
14,500	681,772
14,500	682,772
14,500	683,778
14,500	684,789
14,500	685,789
14,500	686,803
14,500	687,803
14,500	688,809
14,500	689,809
14,500	690,814
14,500	691,814
14,500	692,814
14,500	693,820
14,500	694,831
14,500	695,834
14,500	696,837
14,500	697,834
14,500	698,840
14,500	699,848
14,500	700,860
14,500	701,859
14,500	702,882
14,500	703,888
14,000	704,893
14,500	705,893
14,500	706,899
14,500	707,916
14,500	708,925
14,500	709,928
14,500	710,936
14,500	711,947
14,500	712,956
14,500	713,950
14,500	714,961
14,000	715,976
14,500	716,979
14,500	717,992
14,500	718,990
14,500	719,998
14,500	721,001
14,500	722,015
14,500	723,021
14,500	724,032
14,500	725,041
14,500	726,044
14,500	727,044
14,500	728,049
14,000	729,046
14,500	730,058
14,000	731,072
14,500	732,078
14,500	733,087
14,500	734,095
14,500	735,103
14,500	736,114
14,500	737,126
14,500	738,134
14,500	739,146
14,500	740,151
14,500	741,157
14,500	742,169
14,500	743,165
14,000	744,171
14,500	745,171
14,000	746,182
14,000	747,194
14,000	748,197
14,000	749,208
14,000	750,214
14,000	751,217
14,000	752,226
14,000	753,225
14,000	754,242
14,000	755,262
14,000	756,268
14,500	757,273
14,000	758,285
14,500	759,299
14,000	760,296
14,000	761,307
14,000	762,307
14,500	763,324
14,500	764,324
14,500	765,333
14,500	766,344
14,500	767,361
14,500	768,355
14,500	769,358
14,500	770,361
14,500	771,378
14,500	772,381
14,500	773,390
14,500	774,412
14,500	775,415
14,500	776,418
14,000	777,429
14,000	778,432
14,000	779,449
14,000	780,440
14,500	781,446
14,000	782,452
14,500	783,475
14,000	784,477
14,000	785,489
14,000	786,494
14,000	787,497
14,000	788,500
14,000	789,503
14,000	790,517
14,000	791,520
14,000	792,534
14,000	793,540
14,000	794,542
14,000	795,557
14,000	796,568
14,000	797,568
14,000	798,571
14,000	799,597
14,500	800,608
14,000	801,622
14,000	802,628
14,000	803,636
14,500	804,639
14,000	805,650
14,500	806,670
14,000	807,679
14,000	808,673
14,500	809,687
14,000	810,693
14,500	811,716
14,000	812,739
14,000	813,730
14,000	814,741
14,000	815,764
14,000	816,781
14,500	817,792
14,000	818,804
14,000	819,804
14,000	820,818
14,500	821,830
14,500	822,832
14,000	823,832
14,500	824,850
14,000	825,855
14,000	826,863
14,000	827,869
14,000	828,892
14,000	829,903
14,000	830,912
14,000	831,929
14,000	832,929
14,000	833,935
14,000	834,943
14,000	835,949
14,000	836,954
14,000	837,966
14,000	838,971
14,000	839,991
14,000	840,986
14,000	841,997
14,000	842,997
14,000	844,005
14,000	845,008
14,000	846,011
14,000	847,005
14,000	848,017
14,000	849,022
14,000	850,022
14,000	851,014
14,000	852,017
14,000	853,039
14,000	854,050
14,000	855,065
13,500	856,076
14,000	857,076
14,000	858,079
14,000	859,082
14,000	860,099
14,000	861,099
13,500	862,104
14,000	863,127
14,000	864,141
14,000	865,164
13,500	866,167
14,000	867,179
14,000	868,192
14,000	869,207
14,000	870,224
14,000	871,230
14,000	872,235
14,000	873,235
14,000	874,250
14,000	875,261
14,000	876,258
14,000	877,272
14,000	878,280
14,000	879,292
14,000	880,292
14,000	881,306
14,000	882,306
14,000	883,318
14,000	884,320
13,500	885,332
13,500	886,343
14,000	887,349
14,000	888,346
14,000	889,351
14,000	890,360
14,000	891,366
13,500	892,383
14,000	893,377
14,000	894,397
13,500	895,391
14,000	896,400
14,000	897,414
14,000	898,425
13,500	899,437
13,500	900,440
13,500	901,448
14,000	902,442
13,500	903,450
14,000	904,456
13,500	905,465
13,500	906,473
13,500	907,470
13,500	908,490
13,500	909,496
13,500	910,504
14,000	911,519
14,000	912,519
13,500	913,519
14,000	914,519
13,500	915,521
14,000	916,530
14,000	917,541
14,000	918,550
14,000	919,567
13,500	920,570
13,500	921,572
14,000	922,578
13,500	923,592
13,500	924,610
13,500	925,612
13,500	926,612
13,500	927,612
13,500	928,626
13,500	929,632
13,500	930,632
13,500	931,643
14,000	932,655
13,500	933,678
13,500	934,674
13,500	935,680
13,500	936,685
13,500	937,683
13,500	938,694
13,500	939,694
13,500	940,697
13,500	941,709
14,000	942,717
13,500	943,717
13,500	944,731
13,500	945,737
13,500	946,734
13,500	947,751
13,500	948,748
13,500	949,751
13,500	950,751
13,500	951,765
14,000	952,773
13,500	953,773
14,000	954,770
13,500	955,782
13,500	956,788
13,500	957,805
13,500	958,808
13,500	959,813
13,500	960,830
13,500	961,830
13,500	962,833
13,500	963,827
13,500	964,839
13,500	965,833
14,000	966,841
13,500	967,847
13,500	968,844
13,500	969,850
13,500	970,858
13,500	971,861
13,500	972,858
13,500	973,870
13,500	974,870
13,500	975,870
13,500	976,875
13,500	977,878
13,500	978,883
13,500	979,898
13,500	980,912
13,500	981,918
13,500	982,929
13,500	983,940
13,500	984,935
13,500	985,954
13,500	986,954
13,500	987,963
13,500	988,963
13,500	989,974
13,500	990,986
13,500	991,989
13,500	992,994
13,500	994,000
13,500	995,011
13,500	996,008
13,500	997,022
13,500	998,014
13,500	999,014
13,500	1000,017
13,500	1001,028
13,500	1002,022
13,500	1003,033
14,000	1004,030
13,500	1005,039
13,500	1006,039
13,500	1007,039
13,500	1008,050
13,500	1009,056
13,500	1010,064
13,500	1011,076
13,500	1012,081
13,500	1013,093
13,500	1014,093
13,500	1015,101
13,500	1016,101
13,500	1017,090
13,500	1018,096
13,500	1019,096
13,500	1020,098
13,500	1021,095
13,500	1022,104
13,500	1023,101
13,500	1024,104
13,500	1025,104
13,500	1026,106
13,500	1027,115
13,500	1028,126
13,500	1029,138
13,500	1030,140
13,500	1031,146
13,500	1032,149
13,500	1033,158
13,500	1034,175
13,500	1035,174
13,500	1036,189
13,500	1037,200
13,500	1038,197
13,500	1039,209
13,500	1040,211
13,500	1041,211
13,500	1042,229
13,500	1043,237
13,500	1044,254
13,500	1045,254
13,500	1046,268
13,500	1047,277
13,500	1048,282
13,500	1049,282
13,500	1050,294
13,500	1051,305
13,000	1052,313
13,500	1053,322
13,500	1054,333
13,500	1055,339
13,500	1056,342
13,500	1057,353
13,500	1058,353
13,500	1059,368
13,500	1060,376
13,500	1061,370
13,500	1062,376
13,500	1063,387
13,500	1064,390
13,500	1065,401
13,000	1066,407
13,500	1067,404
13,500	1068,418
13,500	1069,427
13,000	1070,441
13,000	1071,452
13,500	1072,467
13,500	1073,467
13,500	1074,472
13,500	1075,492
13,500	1076,495
13,500	1077,492
13,500	1078,489
13,500	1079,495
13,500	1080,486
13,500	1081,503
13,500	1082,500
13,500	1083,518
13,500	1084,529
13,500	1085,531
13,500	1086,543
13,500	1087,549
13,500	1088,560
13,500	1089,560
13,500	1090,580
13,500	1091,583
13,500	1092,580
13,000	1093,577
13,000	1094,577
13,000	1095,574
13,500	1096,577
13,000	1097,577
13,500	1098,582
13,000	1099,602
13,000	1100,597
13,500	1101,608
13,000	1102,596
13,000	1103,610
13,000	1104,610
13,000	1105,625
13,000	1106,633
13,000	1107,636
13,000	1108,636
13,000	1109,645
13,000	1110,650
13,500	1111,653
13,500	1112,664
13,500	1113,679
13,000	1114,676
13,500	1115,681
13,000	1116,679
13,500	1117,673
13,500	1118,684
13,000	1119,684
13,500	1120,684
13,500	1121,690
13,000	1122,695
13,000	1123,704
13,000	1124,695
13,000	1125,707
13,500	1126,707
13,000	1127,718
13,500	1128,715
13,500	1129,729
13,000	1130,726
13,000	1131,732
13,000	1132,732
13,000	1133,729
13,000	1134,731
13,500	1135,729
13,500	1136,740
13,500	1137,754
13,500	1138,766
13,000	1139,766
13,500	1140,766
13,000	1141,771
13,000	1142,780
13,000	1143,782
13,000	1144,780
13,000	1145,791
13,000	1146,782
13,000	1147,794
13,000	1148,808
13,000	1149,808
13,500	1150,814
13,000	1151,813
13,500	1152,828
13,000	1153,839
13,000	1154,853
13,000	1155,865
13,000	1156,865
13,000	1157,870
13,500	1158,879
13,000	1159,881
13,500	1160,893
13,000	1161,893
13,500	1162,893
13,000	1163,896
13,000	1164,896
13,000	1165,901
13,000	1166,913
13,000	1167,916
13,000	1168,927
13,500	1169,935
13,000	1170,947
13,000	1171,955
13,000	1172,947
13,000	1173,961
13,000	1174,967
13,000	1175,975
13,000	1176,983
13,000	1177,983
13,000	1178,986
13,000	1179,995
13,000	1181,009
13,000	1182,009
13,000	1183,009
13,000	1184,020
13,000	1185,006
13,000	1186,014
13,000	1187,014
13,000	1188,031
13,000	1189,031
13,000	1190,029
13,000	1191,029
13,000	1192,046
13,000	1193,037
13,000	1194,037
13,000	1195,051
13,000	1196,051
13,000	1197,060
13,000	1198,062
13,000	1199,060
13,000	1200,074
13,000	1201,074
13,000	1202,076
13,000	1203,085
13,000	1204,093
13,000	1205,093
13,000	1206,102
13,000	1207,108
13,000	1208,119
13,000	1209,108
13,000	1210,121
13,000	1211,119
13,000	1212,119
13,000	1213,130
13,000	1214,121
13,000	1215,133
13,000	1216,130
13,000	1217,133
13,000	1218,130
13,000	1219,133
13,000	1220,144
13,000	1221,141
13,000	1222,130
13,000	1223,138
13,000	1224,138
13,000	1225,150
13,000	1226,158
13,000	1227,158
13,000	1228,158
12,500	1229,160
12,500	1230,169
12,500	1231,172
12,500	1232,183
12,500	1233,195
12,500	1234,195
12,500	1235,183
12,500	1236,183
12,500	1237,191
12,500	1238,203
12,500	1239,211
12,500	1240,226
12,500	1241,234
12,500	1242,257
12,500	1243,260
12,500	1244,271
12,500	1245,274
12,500	1246,285
12,500	1247,300
12,500	1248,308
12,500	1249,317
12,500	1250,325
12,500	1251,328
12,500	1252,351
12,500	1253,348
12,500	1254,365
12,500	1255,376
12,500	1256,390
12,500	1257,388
12,500	1258,405
12,500	1259,416
12,500	1260,419
12,500	1261,416
12,500	1262,427
12,500	1263,436
12,500	1264,441
12,000	1265,450
12,500	1266,459
12,500	1267,470
12,500	1268,481
12,500	1269,490
12,500	1270,490
12,500	1271,498
12,500	1272,510
12,500	1273,518
12,500	1274,527
12,500	1275,527
12,500	1276,544
12,500	1277,538
12,500	1278,549
12,500	1279,555
12,500	1280,566
12,500	1281,563
12,500	1282,566
12,500	1283,583
12,500	1284,589
12,500	1285,597
12,500	1286,620
12,500	1287,620
12,000	1288,631
12,000	1289,634
12,000	1290,631
12,000	1291,640
12,000	1292,643
12,500	1293,642
12,000	1294,657
12,500	1295,665
12,000	1296,662
12,000	1297,680
12,000	1298,680
12,000	1299,685
12,000	1300,694
12,000	1301,702
12,000	1302,705
12,000	1303,713
12,000	1304,708
12,000	1305,719
12,500	1306,719
12,000	1307,733
12,000	1308,730
12,000	1309,741
12,000	1310,742
12,000	1311,753
12,000	1312,756
12,000	1313,767
12,000	1314,773
12,000	1315,781
12,000	1316,793
12,500	1317,799
12,500	1318,810
12,000	1319,821
12,000	1320,827
12,500	1321,830
12,000	1322,830
12,500	1323,841
12,500	1324,852
12,000	1325,855
12,500	1326,867
12,000	1327,875
12,500	1328,880
12,500	1329,892
12,000	1330,886
12,000	1331,895
12,000	1332,895
12,000	1333,909
12,000	1334,920
12,000	1335,926
12,000	1336,931
12,000	1337,940
12,000	1338,946
12,500	1339,946
12,000	1340,957
12,000	1341,951
12,000	1342,951
12,000	1343,960
12,000	1344,974
12,000	1345,974
12,000	1346,977
11,500	1347,988
11,500	1348,980
11,500	1349,994
11,500	1351,008
11,500	1352,008
11,500	1353,005
11,500	1354,010
11,500	1355,010
11,500	1356,010
11,000	1357,019
11,000	1358,019
11,500	1359,019
11,500	1360,030
11,500	1361,019
11,000	1362,027
11,000	1363,021
11,000	1364,041
11,000	1365,039
11,000	1366,041
10,500	1367,053
10,500	1368,058
10,500	1369,059
10,500	1370,078
10,500	1371,070
10,500	1372,081
10,500	1373,084
10,500	1374,092
10,000	1375,101
10,000	1376,110
10,000	1377,132
10,000	1378,126
9,500	1379,135
9,500	1380,146
9,500	1381,149
9,500	1382,149
9,500	1383,163
9,500	1384,172
9,500	1385,169
9,500	1386,180
9,500	1387,191
9,500	1388,206
9,500	1389,211
9,500	1390,214
9,000	1391,226
9,000	1392,243
9,000	1393,251
9,500	1394,265
9,500	1395,274
9,500	1396,274
9,000	1397,285
9,000	1398,305
9,000	1399,302
9,000	1400,314
9,000	1401,325
9,000	1402,325
9,000	1403,325
9,000	1404,342
9,000	1405,350
9,000	1406,370
9,000	1407,370
9,000	1408,382
9,000	1409,390
9,000	1410,399
9,000	1411,407
9,000	1412,421
9,000	1413,407
9,000	1414,416
9,000	1415,421
8,500	1416,433
9,000	1417,444
8,500	1418,458
9,000	1419,455
8,500	1420,467
9,000	1421,467
9,000	1422,470
8,500	1423,470
8,500	1424,484
9,000	1425,481
9,000	1426,492
9,000	1427,503
9,000	1428,518
9,000	1429,529
9,000	1430,535
8,500	1431,532
9,000	1432,529
8,500	1433,546
9,000	1434,554
8,500	1435,552
9,000	1436,566
8,500	1437,560
8,500	1438,571
8,000	1439,569
8,000	1440,583
8,000	1441,580
8,000	1442,580
8,000	1443,591
8,000	1444,602
7,500	1445,602
8,000	1446,605
7,500	1447,620
7,500	1448,620
7,500	1449,622
8,000	1450,634
8,000	1451,639
8,000	1452,640
8,000	1453,650
8,000	1454,653
7,500	1455,650
8,000	1456,673
8,000	1457,676
8,000	1458,685
8,000	1459,696
8,000	1460,704
8,000	1461,716
7,500	1462,733
7,500	1463,753
8,000	1464,764
7,500	1465,767
7,500	1466,776
7,500	1467,790
7,500	1468,793
7,500	1469,812
8,000	1470,815
7,500	1471,827
7,500	1472,835
7,500	1473,852
7,500	1474,852
7,500	1475,864
7,500	1476,870
7,500	1477,869
7,500	1478,880
7,500	1479,895
8,000	1480,906
7,500	1481,912
7,500	1482,915
7,500	1483,935
7,500	1484,941
7,500	1485,951
7,500	1486,954
7,500	1487,963
7,500	1488,963
7,500	1489,980
7,500	1490,989
7,500	1492,009
7,500	1493,014
7,500	1494,025
7,500	1495,040
7,500	1496,045
7,500	1497,054
7,500	1498,068
7,500	1499,080
7,500	1500,080
7,500	1501,093
7,500	1502,102
7,500	1503,113
7,500	1504,133
7,500	1505,133
7,500	1506,150
7,500	1507,148
7,500	1508,159
7,500	1509,173
7,500	1510,188
